0 0 0 0 0 0 0 0
0 0 1 -362 -362 0 0 0
0 0 2 362 -362 0 0 0
0 0 3 -362 362 0 0 0
0 0 4 362 362 0 0 0
0 0 5 -362 362 0 0 0
0 0 6 362 362 0 0 0
0 0 7 512 0 0 0 0
0 0 8 -362 -362 0 0 0
0 0 9 362 -362 0 0 0
0 0 10 362 362 0 0 0
0 0 11 -362 362 0 0 0
0 0 12 362 -362 0 0 0
0 0 13 -362 -362 0 0 0
0 0 14 362 -362 0 0 0
0 0 15 -362 -362 0 0 0
0 0 16 362 362 0 0 0
0 0 17 -362 362 0 0 0
0 0 18 -362 362 0 0 0
0 0 19 362 362 0 0 0
0 0 20 -362 -362 0 0 0
0 0 21 -512 0 0 0 0
0 0 22 362 -362 0 0 0
0 0 23 -362 -362 0 0 0
0 0 24 362 -362 0 0 0
0 0 25 -362 362 0 0 0
0 0 26 362 362 0 0 0
0 0 27 0 0 0 0 0
0 0 28 0 0 0 0 0
0 0 29 0 0 0 0 0
0 0 30 0 0 0 0 0
0 0 31 0 0 0 0 0
0 0 32 0 0 0 0 0
0 0 33 0 0 0 0 0
0 0 34 0 0 0 0 0
0 0 35 0 0 0 0 0
0 0 36 0 0 0 0 0
0 0 37 0 0 0 0 0
0 0 38 362 362 0 0 0
0 0 39 -362 362 0 0 0
0 0 40 362 -362 0 0 0
0 0 41 -362 -362 0 0 0
0 0 42 362 -362 0 0 0
0 0 43 512 0 0 0 0
0 0 44 -362 -362 0 0 0
0 0 45 362 362 0 0 0
0 0 46 -362 362 0 0 0
0 0 47 -362 362 0 0 0
0 0 48 362 362 0 0 0
0 0 49 -362 -362 0 0 0
0 0 50 362 -362 0 0 0
0 0 51 -362 -362 0 0 0
0 0 52 362 -362 0 0 0
0 0 53 -362 362 0 0 0
0 0 54 362 362 0 0 0
0 0 55 362 -362 0 0 0
0 0 56 -362 -362 0 0 0
0 0 57 512 0 0 0 0
0 0 58 362 362 0 0 0
0 0 59 -362 362 0 0 0
0 0 60 362 362 0 0 0
0 0 61 -362 362 0 0 0
0 0 62 362 -362 0 0 0
0 0 63 -362 -362 0 0 0
0 1 0 0 0 0 0 0
0 1 1 -362 362 -16381 16381 0
0 1 2 -362 362 -16381 16381 0
0 1 3 -362 -362 -16381 -16381 0
0 1 4 -362 -362 -16381 -16381 0
0 1 5 362 362 16381 16381 0
0 1 6 362 -362 16381 -16381 0
0 1 7 512 0 16384 0 0
0 1 8 -362 -362 -16381 -16381 0
0 1 9 -362 362 -16381 16381 0
0 1 10 -362 -362 -16381 -16381 0
0 1 11 362 362 16381 16381 0
0 1 12 -362 -362 -16381 -16381 0
0 1 13 -362 362 -16381 16381 0
0 1 14 362 -362 16381 -16381 0
0 1 15 -362 362 -16381 16381 0
0 1 16 -362 362 -16381 16381 0
0 1 17 362 -362 16381 -16381 0
0 1 18 -362 362 -16381 16381 0
0 1 19 362 362 16381 16381 0
0 1 20 362 362 16381 16381 0
0 1 21 -512 0 -16384 0 0
0 1 22 362 362 16381 16381 0
0 1 23 -362 362 -16381 16381 0
0 1 24 -362 362 -16381 16381 0
0 1 25 -362 362 -16381 16381 0
0 1 26 -362 -362 -16381 -16381 0
0 1 27 0 0 0 0 0
0 1 28 0 0 0 0 0
0 1 29 0 0 0 0 0
0 1 30 0 0 0 0 0
0 1 31 0 0 0 0 0
0 1 32 0 0 0 0 0
0 1 33 0 0 0 0 0
0 1 34 0 0 0 0 0
0 1 35 0 0 0 0 0
0 1 36 0 0 0 0 0
0 1 37 0 0 0 0 0
0 1 38 -362 -362 -16381 -16381 0
0 1 39 -362 -362 -16381 -16381 0
0 1 40 -362 362 -16381 16381 0
0 1 41 362 362 16381 16381 0
0 1 42 362 -362 16381 -16381 0
0 1 43 512 0 16384 0 0
0 1 44 362 362 16381 16381 0
0 1 45 362 -362 16381 -16381 0
0 1 46 -362 -362 -16381 -16381 0
0 1 47 362 -362 16381 -16381 0
0 1 48 362 362 16381 16381 0
0 1 49 -362 362 -16381 16381 0
0 1 50 362 362 16381 16381 0
0 1 51 362 362 16381 16381 0
0 1 52 -362 -362 -16381 -16381 0
0 1 53 -362 362 -16381 16381 0
0 1 54 362 362 16381 16381 0
0 1 55 362 362 16381 16381 0
0 1 56 -362 -362 -16381 -16381 0
0 1 57 512 0 16384 0 0
0 1 58 362 362 16381 16381 0
0 1 59 -362 362 -16381 16381 0
0 1 60 -362 362 -16381 16381 0
0 1 61 -362 -362 -16381 -16381 0
0 1 62 -362 362 -16381 16381 0
0 1 63 -362 362 -16381 16381 0
0 2 0 0 0 0 0 0
0 2 1 -362 362 -16381 16381 0
0 2 2 -362 -362 -16381 -16381 0
0 2 3 362 -362 16381 -16381 0
0 2 4 362 362 16381 16381 0
0 2 5 -362 362 -16381 16381 0
0 2 6 362 362 16381 16381 0
0 2 7 512 0 16384 0 0
0 2 8 -362 362 -16381 16381 0
0 2 9 362 362 16381 16381 0
0 2 10 362 -362 16381 -16381 0
0 2 11 362 362 16381 16381 0
0 2 12 -362 -362 -16381 -16381 0
0 2 13 362 -362 16381 -16381 0
0 2 14 362 362 16381 16381 0
0 2 15 -362 -362 -16381 -16381 0
0 2 16 362 -362 16381 -16381 0
0 2 17 362 362 16381 16381 0
0 2 18 -362 -362 -16381 -16381 0
0 2 19 -362 362 -16381 16381 0
0 2 20 362 362 16381 16381 0
0 2 21 -512 0 -16384 0 0
0 2 22 -362 -362 -16381 -16381 0
0 2 23 -362 -362 -16381 -16381 0
0 2 24 -362 -362 -16381 -16381 0
0 2 25 -362 362 -16381 16381 0
0 2 26 362 362 16381 16381 0
0 2 27 0 0 0 0 0
0 2 28 0 0 0 0 0
0 2 29 0 0 0 0 0
0 2 30 0 0 0 0 0
0 2 31 0 0 0 0 0
0 2 32 0 0 0 0 0
0 2 33 0 0 0 0 0
0 2 34 0 0 0 0 0
0 2 35 0 0 0 0 0
0 2 36 0 0 0 0 0
0 2 37 0 0 0 0 0
0 2 38 362 362 16381 16381 0
0 2 39 362 362 16381 16381 0
0 2 40 -362 362 -16381 16381 0
0 2 41 -362 -362 -16381 -16381 0
0 2 42 -362 362 -16381 16381 0
0 2 43 512 0 16384 0 0
0 2 44 -362 362 -16381 16381 0
0 2 45 362 -362 16381 -16381 0
0 2 46 362 -362 16381 -16381 0
0 2 47 362 -362 16381 -16381 0
0 2 48 -362 -362 -16381 -16381 0
0 2 49 -362 362 -16381 16381 0
0 2 50 -362 -362 -16381 -16381 0
0 2 51 -362 362 -16381 16381 0
0 2 52 -362 362 -16381 16381 0
0 2 53 -362 -362 -16381 -16381 0
0 2 54 362 -362 16381 -16381 0
0 2 55 362 362 16381 16381 0
0 2 56 -362 -362 -16381 -16381 0
0 2 57 512 0 16384 0 0
0 2 58 362 -362 16381 -16381 0
0 2 59 362 362 16381 16381 0
0 2 60 -362 362 -16381 16381 0
0 2 61 362 362 16381 16381 0
0 2 62 -362 -362 -16381 -16381 0
0 2 63 -362 362 -16381 16381 0
1 0 0 0 0 0 0 0
1 0 1 -503 -453 0 0 0
1 0 2 415 -510 0 0 0
1 0 3 -379 507 0 0 0
1 0 4 496 350 0 0 0
1 0 5 -328 479 0 0 0
1 0 6 461 313 0 0 0
1 0 7 530 -98 0 0 0
1 0 8 -431 -302 0 0 0
1 0 9 302 -421 0 0 0
1 0 10 416 301 0 0 0
1 0 11 -297 414 0 0 0
1 0 12 289 -412 0 0 0
1 0 13 -408 -277 0 0 0
1 0 14 262 -400 0 0 0
1 0 15 -385 -245 0 0 0
1 0 16 363 231 0 0 0
1 0 17 -222 334 0 0 0
1 0 18 -221 299 0 0 0
1 0 19 262 230 0 0 0
1 0 20 -226 -251 0 0 0
1 0 21 -339 -62 0 0 0
1 0 22 325 -175 0 0 0
1 0 23 -166 -373 0 0 0
1 0 24 423 -171 0 0 0
1 0 25 -471 190 0 0 0
1 0 26 222 512 0 0 0
1 0 27 0 0 0 0 0
1 0 28 0 0 0 0 0
1 0 29 0 0 0 0 0
1 0 30 0 0 0 0 0
1 0 31 0 0 0 0 0
1 0 32 0 0 0 0 0
1 0 33 0 0 0 0 0
1 0 34 0 0 0 0 0
1 0 35 0 0 0 0 0
1 0 36 0 0 0 0 0
1 0 37 0 0 0 0 0
1 0 38 461 313 0 0 0
1 0 39 -305 444 0 0 0
1 0 40 302 -431 0 0 0
1 0 41 -421 -302 0 0 0
1 0 42 301 -416 0 0 0
1 0 43 502 -83 0 0 0
1 0 44 -412 -289 0 0 0
1 0 45 408 277 0 0 0
1 0 46 -262 400 0 0 0
1 0 47 -245 385 0 0 0
1 0 48 363 231 0 0 0
1 0 49 -334 -222 0 0 0
1 0 50 221 -299 0 0 0
1 0 51 -262 -230 0 0 0
1 0 52 251 -226 0 0 0
1 0 53 -284 196 0 0 0
1 0 54 175 325 0 0 0
1 0 55 373 -166 0 0 0
1 0 56 -171 -423 0 0 0
1 0 57 467 199 0 0 0
1 0 58 222 512 0 0 0
1 0 59 -542 265 0 0 0
1 0 60 314 558 0 0 0
1 0 61 -560 364 0 0 0
1 0 62 548 -412 0 0 0
1 0 63 -453 -524 0 0 0
1 1 0 0 0 0 0 0
1 1 1 503 453 28639 28639 0
1 1 2 -510 -415 -27020 -27020 0
1 1 3 379 -507 25043 -25043 0
1 1 4 350 -496 23032 -23032 0
1 1 5 328 -479 21064 -21064 0
1 1 6 -461 -313 -19406 -19406 0
1 1 7 530 -98 18157 0 0
1 1 8 302 -431 17310 -17310 0
1 1 9 421 302 16778 16778 0
1 1 10 301 -416 16479 -16479 0
1 1 11 297 -414 16225 -16225 0
1 1 12 412 289 15829 15829 0
1 1 13 -408 -277 -15200 -15200 0
1 1 14 -400 -262 -14290 -14290 0
1 1 15 245 -385 13016 -13016 0
1 1 16 -231 363 -11571 11571 0
1 1 17 334 222 10053 10053 0
1 1 18 -221 299 -8640 8640 0
1 1 19 -262 -230 -7597 -7597 0
1 1 20 -251 226 -7130 7130 0
1 1 21 -339 -62 -7423 0 0
1 1 22 175 325 8516 8516 0
1 1 23 373 -166 10418 -10418 0
1 1 24 423 -171 13011 -13011 0
1 1 25 -471 190 -16121 16121 0
1 1 26 -512 222 -19464 19464 0
1 1 27 0 0 0 0 0
1 1 28 0 0 0 0 0
1 1 29 0 0 0 0 0
1 1 30 0 0 0 0 0
1 1 31 0 0 0 0 0
1 1 32 0 0 0 0 0
1 1 33 0 0 0 0 0
1 1 34 0 0 0 0 0
1 1 35 0 0 0 0 0
1 1 36 0 0 0 0 0
1 1 37 0 0 0 0 0
1 1 38 -313 461 -19406 19406 0
1 1 39 444 305 18135 18135 0
1 1 40 302 -431 17310 -17310 0
1 1 41 -302 421 -16778 16778 0
1 1 42 301 -416 16479 -16479 0
1 1 43 502 -83 16181 0 0
1 1 44 289 -412 15829 -15829 0
1 1 45 408 277 15200 15200 0
1 1 46 -262 400 -14290 14290 0
1 1 47 -245 385 -13016 13016 0
1 1 48 -363 -231 -11571 -11571 0
1 1 49 -222 334 -10053 10053 0
1 1 50 -221 299 -8640 8640 0
1 1 51 -230 262 -7597 7597 0
1 1 52 226 251 7130 7130 0
1 1 53 -196 -284 -7442 -7442 0
1 1 54 325 -175 8516 -8516 0
1 1 55 166 373 10418 10418 0
1 1 56 -171 -423 -13011 -13011 0
1 1 57 467 199 16106 0 0
1 1 58 -222 -512 -19464 -19464 0
1 1 59 265 542 22749 22749 0
1 1 60 -314 -558 -25623 -25623 0
1 1 61 -560 364 -27881 27881 0
1 1 62 -412 -548 -29378 -29378 0
1 1 63 524 -453 29987 -29987 0
1 2 0 0 0 0 0 0
1 2 1 -503 -453 -28639 -28639 0
1 2 2 510 415 27020 27020 0
1 2 3 -379 507 -25043 25043 0
1 2 4 -350 496 -23032 23032 0
1 2 5 -328 479 -21064 21064 0
1 2 6 461 313 19406 19406 0
1 2 7 530 -98 18157 0 0
1 2 8 -431 -302 -17310 -17310 0
1 2 9 421 302 16778 16778 0
1 2 10 416 301 16479 16479 0
1 2 11 414 297 16225 16225 0
1 2 12 -412 -289 -15829 -15829 0
1 2 13 -277 408 -15200 15200 0
1 2 14 -400 -262 -14290 -14290 0
1 2 15 -245 385 -13016 13016 0
1 2 16 231 -363 11571 -11571 0
1 2 17 -222 334 -10053 10053 0
1 2 18 -221 299 -8640 8640 0
1 2 19 230 -262 7597 -7597 0
1 2 20 -251 226 -7130 7130 0
1 2 21 -339 -62 -7423 0 0
1 2 22 175 325 8516 8516 0
1 2 23 373 -166 10418 -10418 0
1 2 24 171 423 13011 13011 0
1 2 25 471 -190 16121 -16121 0
1 2 26 512 -222 19464 -19464 0
1 2 27 0 0 0 0 0
1 2 28 0 0 0 0 0
1 2 29 0 0 0 0 0
1 2 30 0 0 0 0 0
1 2 31 0 0 0 0 0
1 2 32 0 0 0 0 0
1 2 33 0 0 0 0 0
1 2 34 0 0 0 0 0
1 2 35 0 0 0 0 0
1 2 36 0 0 0 0 0
1 2 37 0 0 0 0 0
1 2 38 461 313 19406 19406 0
1 2 39 305 -444 18135 -18135 0
1 2 40 431 302 17310 17310 0
1 2 41 421 302 16778 16778 0
1 2 42 301 -416 16479 -16479 0
1 2 43 502 -83 16181 0 0
1 2 44 -412 -289 -15829 -15829 0
1 2 45 -277 408 -15200 15200 0
1 2 46 262 -400 14290 -14290 0
1 2 47 -245 385 -13016 13016 0
1 2 48 -231 363 -11571 11571 0
1 2 49 222 -334 10053 -10053 0
1 2 50 -299 -221 -8640 -8640 0
1 2 51 230 -262 7597 -7597 0
1 2 52 251 -226 7130 -7130 0
1 2 53 196 284 7442 7442 0
1 2 54 325 -175 8516 -8516 0
1 2 55 166 373 10418 10418 0
1 2 56 423 -171 13011 -13011 0
1 2 57 467 199 16106 0 0
1 2 58 -512 222 -19464 19464 0
1 2 59 -265 -542 -22749 -22749 0
1 2 60 314 558 25623 25623 0
1 2 61 560 -364 27881 -27881 0
1 2 62 -548 412 -29378 29378 0
1 2 63 -524 453 -29987 29987 0
2 0 0 5 1 0 0 0
2 0 1 -138 -238 0 0 0
2 0 2 270 -139 0 0 0
2 0 3 -302 164 0 0 0
2 0 4 217 332 0 0 0
2 0 5 -320 288 0 0 0
2 0 6 353 266 0 0 0
2 0 7 406 -138 0 0 0
2 0 8 -372 -105 0 0 0
2 0 9 31 -317 0 0 0
2 0 10 231 1 0 0 0
2 0 11 -14 155 0 0 0
2 0 12 58 -110 0 0 0
2 0 13 -89 -107 0 0 0
2 0 14 149 -102 0 0 0
2 0 15 -123 -159 0 0 0
2 0 16 135 158 0 0 0
2 0 17 -141 126 0 0 0
2 0 18 -141 94 0 0 0
2 0 19 58 165 0 0 0
2 0 20 -36 -214 0 0 0
2 0 21 -233 -173 0 0 0
2 0 22 350 -86 0 0 0
2 0 23 -171 -387 0 0 0
2 0 24 369 -260 0 0 0
2 0 25 -315 329 0 0 0
2 0 26 361 238 0 0 0
2 0 27 4 0 0 0 0
2 0 28 2 1 0 0 0
2 0 29 4 -4 0 0 0
2 0 30 3 -2 0 0 0
2 0 31 2 -2 0 0 0
2 0 32 2 2 0 0 0
2 0 33 -1 0 0 0 0
2 0 34 -2 3 0 0 0
2 0 35 1 -3 0 0 0
2 0 36 3 -1 0 0 0
2 0 37 2 0 0 0 0
2 0 38 11 90 0 0 0
2 0 39 -173 -25 0 0 0
2 0 40 260 6 0 0 0
2 0 41 -45 -326 0 0 0
2 0 42 359 -127 0 0 0
2 0 43 392 106 0 0 0
2 0 44 -257 -310 0 0 0
2 0 45 271 253 0 0 0
2 0 46 -212 264 0 0 0
2 0 47 -194 238 0 0 0
2 0 48 227 205 0 0 0
2 0 49 -235 -218 0 0 0
2 0 50 223 -268 0 0 0
2 0 51 -307 -204 0 0 0
2 0 52 144 -328 0 0 0
2 0 53 -74 318 0 0 0
2 0 54 271 11 0 0 0
2 0 55 -21 -192 0 0 0
2 0 56 -105 5 0 0 0
2 0 57 54 7 0 0 0
2 0 58 2 128 0 0 0
2 0 59 -204 10 0 0 0
2 0 60 53 257 0 0 0
2 0 61 -271 108 0 0 0
2 0 62 263 -145 0 0 0
2 0 63 -165 -238 0 0 0
2 1 0 -2 1 0 0 0
2 1 1 -144 -232 -4834 -4552 0
2 1 2 -269 136 -5763 5679 0
2 1 3 304 -161 7465 -7311 0
2 1 4 -219 -330 -9886 -9749 0
2 1 5 288 322 11588 11660 0
2 1 6 350 272 12062 12426 0
2 1 7 408 -140 11561 -34 0
2 1 8 101 -373 9236 -9435 0
2 1 9 34 -316 6388 -6265 0
2 1 10 236 2 3393 3422 0
2 1 11 160 13 1575 1547 0
2 1 12 -105 -56 -921 -929 0
2 1 13 -87 -107 -1186 -1213 0
2 1 14 150 -98 2065 -1978 0
2 1 15 -123 -163 -2535 -2596 0
2 1 16 -139 -154 -2767 -2620 0
2 1 17 124 139 2200 2203 0
2 1 18 136 -96 1716 -1810 0
2 1 19 -57 -166 -1905 -1932 0
2 1 20 -214 32 -2988 2881 0
2 1 21 -231 -176 -5267 -65 0
2 1 22 351 -87 8129 -8162 0
2 1 23 -382 172 -11000 11156 0
2 1 24 369 -256 12762 -12578 0
2 1 25 329 316 12966 13007 0
2 1 26 -241 363 -11813 11737 0
2 1 27 -1 1 0 0 0
2 1 28 2 -2 0 0 0
2 1 29 2 1 0 0 0
2 1 30 -2 1 0 0 0
2 1 31 3 2 0 0 0
2 1 32 -2 2 0 0 0
2 1 33 0 -1 0 0 0
2 1 34 -1 -1 0 0 0
2 1 35 -2 1 0 0 0
2 1 36 2 0 0 0 0
2 1 37 0 0 0 0 0
2 1 38 -12 -90 -520 -509 0
2 1 39 -21 173 1947 1860 0
2 1 40 259 9 4261 -4163 0
2 1 41 -326 44 -6786 6746 0
2 1 42 129 359 9124 9034 0
2 1 43 391 103 10262 -67 0
2 1 44 304 -253 9935 -9973 0
2 1 45 255 -273 8658 -8654 0
2 1 46 -210 264 -7106 7172 0
2 1 47 -195 237 -5917 5863 0
2 1 48 -209 226 -5954 5815 0
2 1 49 222 -234 6534 -6389 0
2 1 50 -268 -226 -7589 -7689 0
2 1 51 -299 -198 -8275 -8248 0
2 1 52 330 144 8079 8043 0
2 1 53 -320 -78 -6651 -6791 0
2 1 54 -273 -9 -4665 -4595 0
2 1 55 -193 19 -2316 -2366 0
2 1 56 103 -10 713 646 0
2 1 57 61 10 210 7 0
2 1 58 -126 2 -1008 1009 0
2 1 59 201 -10 2567 -2571 0
2 1 60 55 254 4304 4220 0
2 1 61 -276 107 -5448 5346 0
2 1 62 -147 -260 -5666 -5546 0
2 1 63 -239 163 -5276 5196 0
2 2 0 1 0 0 0 0
2 2 1 140 234 4753 4624 0
2 2 2 266 -138 5670 -5706 0
2 2 3 -156 -305 -7174 -7538 0
2 2 4 328 -220 9673 -9906 0
2 2 5 -319 288 -11546 11582 0
2 2 6 350 272 12062 12426 0
2 2 7 405 -135 11441 68 0
2 2 8 -372 -106 -9321 -9368 0
2 2 9 316 32 6301 6345 0
2 2 10 -4 237 -3465 3379 0
2 2 11 -14 161 -1567 1577 0
2 2 12 107 54 948 915 0
2 2 13 91 111 1240 1257 0
2 2 14 -99 -151 -1997 -2078 0
2 2 15 166 -119 2658 -2471 0
2 2 16 162 -138 2768 -2760 0
2 2 17 -122 -140 -2167 -2222 0
2 2 18 140 -97 1771 -1836 0
2 2 19 56 161 1857 1869 0
2 2 20 35 215 2939 2970 0
2 2 21 -231 -174 -5245 -36 0
2 2 22 90 350 8228 8053 0
2 2 23 -169 -382 -11051 -11041 0
2 2 24 260 372 12756 12853 0
2 2 25 -332 -317 -13086 -13050 0
2 2 26 -362 -237 -11730 -11656 0
2 2 27 2 -3 0 0 0
2 2 28 2 -1 0 0 0
2 2 29 0 -1 0 0 0
2 2 30 -2 0 0 0 0
2 2 31 0 0 0 0 0
2 2 32 -5 2 0 0 0
2 2 33 -1 -1 0 0 0
2 2 34 1 1 0 0 0
2 2 35 2 0 0 0 0
2 2 36 1 -1 0 0 0
2 2 37 -2 2 0 0 0
2 2 38 -13 -90 -526 -504 0
2 2 39 23 -171 -1903 -1866 0
2 2 40 257 5 4163 -4193 0
2 2 41 326 -46 6751 -6792 0
2 2 42 126 360 9047 9108 0
2 2 43 391 104 10269 -42 0
2 2 44 252 303 9934 9903 0
2 2 45 -271 -257 -8586 -8722 0
2 2 46 -216 258 -7265 6974 0
2 2 47 238 201 5873 6082 0
2 2 48 228 207 5871 5903 0
2 2 49 235 222 6418 6535 0
2 2 50 221 -265 7527 -7511 0
2 2 51 204 -307 8492 -8492 0
2 2 52 -145 330 -8073 8068 0
2 2 53 -318 -75 -6647 -6687 0
2 2 54 -12 273 -4648 4617 0
2 2 55 -19 -191 2340 -2294 0
2 2 56 -7 -106 685 -711 0
2 2 57 57 7 195 -1 0
2 2 58 3 125 1009 992 0
2 2 59 -14 -205 -2673 -2572 0
2 2 60 257 -53 4304 -4304 0
2 2 61 -275 109 -5404 5384 0
2 2 62 -148 -262 -5706 -5590 0
2 2 63 242 -164 5347 -5235 0
3 0 0 0 0 0 0 0
3 0 1 9 -25 0 0 0
3 0 2 44 23 0 0 0
3 0 3 -65 -36 0 0 0
3 0 4 -46 87 0 0 0
3 0 5 -110 -54 0 0 0
3 0 6 -60 133 0 0 0
3 0 7 66 156 0 0 0
3 0 8 65 -181 0 0 0
3 0 9 205 64 0 0 0
3 0 10 -60 229 0 0 0
3 0 11 -252 -54 0 0 0
3 0 12 275 46 0 0 0
3 0 13 36 -297 0 0 0
3 0 14 318 23 0 0 0
3 0 15 9 -337 0 0 0
3 0 16 7 355 0 0 0
3 0 17 -371 25 0 0 0
3 0 18 -385 44 0 0 0
3 0 19 65 398 0 0 0
3 0 20 -87 -408 0 0 0
3 0 21 -372 -217 0 0 0
3 0 22 422 -133 0 0 0
3 0 23 -157 -426 0 0 0
3 0 24 427 -181 0 0 0
3 0 25 -426 205 0 0 0
3 0 26 229 422 0 0 0
3 0 27 0 0 0 0 0
3 0 28 0 0 0 0 0
3 0 29 0 0 0 0 0
3 0 30 0 0 0 0 0
3 0 31 0 0 0 0 0
3 0 32 0 0 0 0 0
3 0 33 0 0 0 0 0
3 0 34 0 0 0 0 0
3 0 35 0 0 0 0 0
3 0 36 0 0 0 0 0
3 0 37 0 0 0 0 0
3 0 38 422 229 0 0 0
3 0 39 -205 426 0 0 0
3 0 40 181 -427 0 0 0
3 0 41 -426 -157 0 0 0
3 0 42 133 -422 0 0 0
3 0 43 372 -217 0 0 0
3 0 44 -408 -87 0 0 0
3 0 45 398 65 0 0 0
3 0 46 -44 385 0 0 0
3 0 47 -25 371 0 0 0
3 0 48 355 7 0 0 0
3 0 49 -337 9 0 0 0
3 0 50 -23 -318 0 0 0
3 0 51 -297 36 0 0 0
3 0 52 -46 -275 0 0 0
3 0 53 54 252 0 0 0
3 0 54 229 -60 0 0 0
3 0 55 -64 -205 0 0 0
3 0 56 -181 65 0 0 0
3 0 57 66 -156 0 0 0
3 0 58 133 -60 0 0 0
3 0 59 54 110 0 0 0
3 0 60 87 -46 0 0 0
3 0 61 36 65 0 0 0
3 0 62 -23 -44 0 0 0
3 0 63 -25 9 0 0 0
3 1 0 0 0 0 0 0
3 1 1 9 -25 -44 -44 0
3 1 2 -23 44 154 154 0
3 1 3 -65 -36 -345 345 0
3 1 4 -87 -46 -605 605 0
3 1 5 -110 -54 -939 939 0
3 1 6 -133 -60 -1331 1331 0
3 1 7 66 156 1793 0 0
3 1 8 181 65 2312 -2312 0
3 1 9 -64 205 2883 2883 0
3 1 10 60 -229 -3503 -3503 0
3 1 11 54 -252 -4151 -4151 0
3 1 12 275 46 4859 -4859 0
3 1 13 297 36 5594 -5594 0
3 1 14 -318 -23 -6353 6353 0
3 1 15 337 9 7103 -7103 0
3 1 16 355 -7 7880 -7880 0
3 1 17 25 371 8642 8642 0
3 1 18 385 -44 9385 -9385 0
3 1 19 65 398 10164 10164 0
3 1 20 408 -87 10877 -10877 0
3 1 21 -372 -217 -11592 0 0
3 1 22 -422 133 -12236 12236 0
3 1 23 -157 -426 -12883 -12883 0
3 1 24 181 427 13443 13443 0
3 1 25 205 426 13969 13969 0
3 1 26 -229 -422 -14408 -14408 0
3 1 27 0 0 0 0 0
3 1 28 0 0 0 0 0
3 1 29 0 0 0 0 0
3 1 30 0 0 0 0 0
3 1 31 0 0 0 0 0
3 1 32 0 0 0 0 0
3 1 33 0 0 0 0 0
3 1 34 0 0 0 0 0
3 1 35 0 0 0 0 0
3 1 36 0 0 0 0 0
3 1 37 0 0 0 0 0
3 1 38 -422 -229 -14408 -14408 0
3 1 39 -426 -205 -13969 -13969 0
3 1 40 181 -427 13443 -13443 0
3 1 41 157 -426 12883 -12883 0
3 1 42 -133 422 -12236 12236 0
3 1 43 372 -217 11592 0 0
3 1 44 87 -408 10877 -10877 0
3 1 45 -65 398 -10164 10164 0
3 1 46 -44 385 -9385 9385 0
3 1 47 371 25 8642 8642 0
3 1 48 355 7 7880 7880 0
3 1 49 -9 -337 7103 -7103 0
3 1 50 318 -23 6353 6353 0
3 1 51 36 297 -5594 5594 0
3 1 52 -275 46 -4859 -4859 0
3 1 53 -54 -252 4151 -4151 0
3 1 54 229 -60 3503 3503 0
3 1 55 -205 64 -2883 -2883 0
3 1 56 -181 65 -2312 -2312 0
3 1 57 66 -156 1793 0 0
3 1 58 -133 60 -1331 -1331 0
3 1 59 54 110 -939 939 0
3 1 60 -87 46 -605 -605 0
3 1 61 -65 36 -345 -345 0
3 1 62 23 44 -154 154 0
3 1 63 25 -9 44 44 0
3 2 0 0 0 0 0 0
3 2 1 25 9 44 -44 0
3 2 2 -44 -23 -154 154 0
3 2 3 65 36 345 -345 0
3 2 4 46 -87 -605 -605 0
3 2 5 -110 -54 -939 939 0
3 2 6 133 60 1331 -1331 0
3 2 7 66 156 1793 0 0
3 2 8 -181 -65 -2312 2312 0
3 2 9 -205 -64 -2883 2883 0
3 2 10 229 60 3503 -3503 0
3 2 11 252 54 4151 -4151 0
3 2 12 -46 275 4859 4859 0
3 2 13 -297 -36 -5594 5594 0
3 2 14 -318 -23 -6353 6353 0
3 2 15 -9 337 7103 7103 0
3 2 16 355 -7 7880 -7880 0
3 2 17 25 371 8642 8642 0
3 2 18 -44 -385 -9385 -9385 0
3 2 19 398 -65 10164 -10164 0
3 2 20 408 -87 10877 -10877 0
3 2 21 -372 -217 -11592 0 0
3 2 22 -422 133 -12236 12236 0
3 2 23 -157 -426 -12883 -12883 0
3 2 24 181 427 13443 13443 0
3 2 25 -426 205 -13969 13969 0
3 2 26 422 -229 14408 -14408 0
3 2 27 0 0 0 0 0
3 2 28 0 0 0 0 0
3 2 29 0 0 0 0 0
3 2 30 0 0 0 0 0
3 2 31 0 0 0 0 0
3 2 32 0 0 0 0 0
3 2 33 0 0 0 0 0
3 2 34 0 0 0 0 0
3 2 35 0 0 0 0 0
3 2 36 0 0 0 0 0
3 2 37 0 0 0 0 0
3 2 38 -229 422 -14408 14408 0
3 2 39 -205 426 -13969 13969 0
3 2 40 181 -427 13443 -13443 0
3 2 41 426 157 12883 12883 0
3 2 42 -422 -133 -12236 -12236 0
3 2 43 372 -217 11592 0 0
3 2 44 -87 408 -10877 10877 0
3 2 45 -398 -65 -10164 -10164 0
3 2 46 -44 385 -9385 9385 0
3 2 47 -25 371 -8642 8642 0
3 2 48 7 -355 7880 -7880 0
3 2 49 9 337 -7103 7103 0
3 2 50 23 318 -6353 6353 0
3 2 51 -297 36 -5594 -5594 0
3 2 52 -46 -275 4859 -4859 0
3 2 53 -54 -252 4151 -4151 0
3 2 54 229 -60 3503 3503 0
3 2 55 64 205 -2883 2883 0
3 2 56 181 -65 2312 2312 0
3 2 57 66 -156 1793 0 0
3 2 58 133 -60 1331 1331 0
3 2 59 -110 54 -939 -939 0
3 2 60 -87 46 -605 -605 0
3 2 61 -65 36 -345 -345 0
3 2 62 44 -23 154 154 0
3 2 63 -25 9 -44 -44 0
4 0 0 0 0 0 0 0
4 0 1 -724 -724 0 0 0
4 0 2 724 -724 0 0 0
4 0 3 -724 724 0 0 0
4 0 4 724 724 0 0 0
4 0 5 -724 724 0 0 0
4 0 6 724 724 0 0 0
4 0 7 1024 0 0 0 0
4 0 8 -724 -724 0 0 0
4 0 9 724 -724 0 0 0
4 0 10 724 724 0 0 0
4 0 11 -724 724 0 0 0
4 0 12 724 -724 0 0 0
4 0 13 -724 -724 0 0 0
4 0 14 724 -724 0 0 0
4 0 15 -724 -724 0 0 0
4 0 16 724 724 0 0 0
4 0 17 -724 724 0 0 0
4 0 18 -724 724 0 0 0
4 0 19 724 724 0 0 0
4 0 20 -724 -724 0 0 0
4 0 21 -1024 0 0 0 0
4 0 22 724 -724 0 0 0
4 0 23 -724 -724 0 0 0
4 0 24 724 -724 0 0 0
4 0 25 -724 724 0 0 0
4 0 26 724 724 0 0 0
4 0 27 0 0 0 0 0
4 0 28 0 0 0 0 0
4 0 29 0 0 0 0 0
4 0 30 0 0 0 0 0
4 0 31 0 0 0 0 0
4 0 32 0 0 0 0 0
4 0 33 0 0 0 0 0
4 0 34 0 0 0 0 0
4 0 35 0 0 0 0 0
4 0 36 0 0 0 0 0
4 0 37 0 0 0 0 0
4 0 38 724 724 0 0 0
4 0 39 -724 724 0 0 0
4 0 40 724 -724 0 0 0
4 0 41 -724 -724 0 0 0
4 0 42 724 -724 0 0 0
4 0 43 1024 0 0 0 0
4 0 44 -724 -724 0 0 0
4 0 45 724 724 0 0 0
4 0 46 -724 724 0 0 0
4 0 47 -724 724 0 0 0
4 0 48 724 724 0 0 0
4 0 49 -724 -724 0 0 0
4 0 50 724 -724 0 0 0
4 0 51 -724 -724 0 0 0
4 0 52 724 -724 0 0 0
4 0 53 -724 724 0 0 0
4 0 54 724 724 0 0 0
4 0 55 724 -724 0 0 0
4 0 56 -724 -724 0 0 0
4 0 57 1024 0 0 0 0
4 0 58 724 724 0 0 0
4 0 59 -724 724 0 0 0
4 0 60 724 724 0 0 0
4 0 61 -724 724 0 0 0
4 0 62 724 -724 0 0 0
4 0 63 -724 -724 0 0 0
4 1 0 0 0 0 0 0
4 1 1 -724 -724 -32768 -32768 2
4 1 2 -724 724 -32768 32767 2
4 1 3 724 724 32767 32767 2
4 1 4 724 -724 32767 -32768 2
4 1 5 -724 -724 -32768 -32768 2
4 1 6 -724 724 -32768 32767 2
4 1 7 1024 0 32767 0 1
4 1 8 -724 724 -32768 32767 2
4 1 9 -724 -724 -32768 -32768 2
4 1 10 724 -724 32767 -32768 2
4 1 11 -724 -724 -32768 -32768 2
4 1 12 724 -724 32767 -32768 2
4 1 13 -724 724 -32768 32767 2
4 1 14 724 -724 32767 -32768 2
4 1 15 -724 724 -32768 32767 2
4 1 16 -724 -724 -32768 -32768 2
4 1 17 -724 -724 -32768 -32768 2
4 1 18 -724 -724 -32768 -32768 2
4 1 19 724 -724 32767 -32768 2
4 1 20 -724 -724 -32768 -32768 2
4 1 21 -1024 0 -32768 0 1
4 1 22 -724 -724 -32768 -32768 2
4 1 23 -724 -724 -32768 -32768 2
4 1 24 724 -724 32767 -32768 2
4 1 25 724 -724 32767 -32768 2
4 1 26 -724 -724 -32768 -32768 2
4 1 27 0 0 0 0 0
4 1 28 0 0 0 0 0
4 1 29 0 0 0 0 0
4 1 30 0 0 0 0 0
4 1 31 0 0 0 0 0
4 1 32 0 0 0 0 0
4 1 33 0 0 0 0 0
4 1 34 0 0 0 0 0
4 1 35 0 0 0 0 0
4 1 36 0 0 0 0 0
4 1 37 0 0 0 0 0
4 1 38 -724 724 -32768 32767 2
4 1 39 -724 -724 -32768 -32768 2
4 1 40 724 -724 32767 -32768 2
4 1 41 724 -724 32767 -32768 2
4 1 42 -724 724 -32768 32767 2
4 1 43 1024 0 32767 0 1
4 1 44 -724 724 -32768 32767 2
4 1 45 -724 -724 -32768 -32768 2
4 1 46 -724 -724 -32768 -32768 2
4 1 47 -724 724 -32768 32767 2
4 1 48 -724 -724 -32768 -32768 2
4 1 49 724 -724 32767 -32768 2
4 1 50 724 724 32767 32767 2
4 1 51 -724 724 -32768 32767 2
4 1 52 724 724 32767 32767 2
4 1 53 -724 -724 -32768 -32768 2
4 1 54 -724 724 -32768 32767 2
4 1 55 724 -724 32767 -32768 2
4 1 56 -724 724 -32768 32767 2
4 1 57 1024 0 32767 0 1
4 1 58 724 724 32767 32767 2
4 1 59 -724 724 -32768 32767 2
4 1 60 -724 -724 -32768 -32768 2
4 1 61 724 -724 32767 -32768 2
4 1 62 724 -724 32767 -32768 2
4 1 63 724 -724 32767 -32768 2
4 2 0 0 0 0 0 0
4 2 1 -724 724 -32768 32767 2
4 2 2 724 724 32767 32767 2
4 2 3 -724 -724 -32768 -32768 2
4 2 4 724 724 32767 32767 2
4 2 5 724 -724 32767 -32768 2
4 2 6 724 724 32767 32767 2
4 2 7 1024 0 32767 0 1
4 2 8 724 724 32767 32767 2
4 2 9 724 724 32767 32767 2
4 2 10 724 724 32767 32767 2
4 2 11 -724 724 -32768 32767 2
4 2 12 -724 724 -32768 32767 2
4 2 13 724 724 32767 32767 2
4 2 14 724 -724 32767 -32768 2
4 2 15 -724 724 -32768 32767 2
4 2 16 724 724 32767 32767 2
4 2 17 724 -724 32767 -32768 2
4 2 18 724 724 32767 32767 2
4 2 19 724 -724 32767 -32768 2
4 2 20 -724 -724 -32768 -32768 2
4 2 21 -1024 0 -32768 0 1
4 2 22 -724 -724 -32768 -32768 2
4 2 23 724 724 32767 32767 2
4 2 24 724 -724 32767 -32768 2
4 2 25 -724 -724 -32768 -32768 2
4 2 26 724 -724 32767 -32768 2
4 2 27 0 0 0 0 0
4 2 28 0 0 0 0 0
4 2 29 0 0 0 0 0
4 2 30 0 0 0 0 0
4 2 31 0 0 0 0 0
4 2 32 0 0 0 0 0
4 2 33 0 0 0 0 0
4 2 34 0 0 0 0 0
4 2 35 0 0 0 0 0
4 2 36 0 0 0 0 0
4 2 37 0 0 0 0 0
4 2 38 -724 -724 -32768 -32768 2
4 2 39 -724 724 -32768 32767 2
4 2 40 -724 -724 -32768 -32768 2
4 2 41 724 724 32767 32767 2
4 2 42 -724 724 -32768 32767 2
4 2 43 1024 0 32767 0 1
4 2 44 724 -724 32767 -32768 2
4 2 45 -724 -724 -32768 -32768 2
4 2 46 -724 -724 -32768 -32768 2
4 2 47 724 724 32767 32767 2
4 2 48 -724 -724 -32768 -32768 2
4 2 49 -724 -724 -32768 -32768 2
4 2 50 -724 -724 -32768 -32768 2
4 2 51 724 -724 32767 -32768 2
4 2 52 -724 724 -32768 32767 2
4 2 53 -724 724 -32768 32767 2
4 2 54 -724 -724 -32768 -32768 2
4 2 55 -724 -724 -32768 -32768 2
4 2 56 724 724 32767 32767 2
4 2 57 1024 0 32767 0 1
4 2 58 724 -724 32767 -32768 2
4 2 59 -724 724 -32768 32767 2
4 2 60 724 724 32767 32767 2
4 2 61 724 -724 32767 -32768 2
4 2 62 -724 724 -32768 32767 2
4 2 63 -724 724 -32768 32767 2
5 0 0 0 0 0 0 0
5 0 1 -30186 -27203 0 0 0
5 0 2 24894 -30626 0 0 0
5 0 3 -22765 30432 0 0 0
5 0 4 29748 20985 0 0 0
5 0 5 -19654 28762 0 0 0
5 0 6 27671 18786 0 0 0
5 0 7 31803 -5889 0 0 0
5 0 8 -25835 -18148 0 0 0
5 0 9 18103 -25278 0 0 0
5 0 10 24971 18030 0 0 0
5 0 11 -17799 24830 0 0 0
5 0 12 17328 -24725 0 0 0
5 0 13 -24499 -16607 0 0 0
5 0 14 15697 -23999 0 0 0
5 0 15 -23111 -14726 0 0 0
5 0 16 21780 13869 0 0 0
5 0 17 -13320 20027 0 0 0
5 0 18 -13261 17954 0 0 0
5 0 19 15733 13827 0 0 0
5 0 20 -13588 -15087 0 0 0
5 0 21 -20352 -3719 0 0 0
5 0 22 19521 -10484 0 0 0
5 0 23 -9939 -22398 0 0 0
5 0 24 25404 -10237 0 0 0
5 0 25 -28262 11396 0 0 0
5 0 26 13337 30702 0 0 0
5 0 27 0 0 0 0 0
5 0 28 0 0 0 0 0
5 0 29 0 0 0 0 0
5 0 30 0 0 0 0 0
5 0 31 0 0 0 0 0
5 0 32 0 0 0 0 0
5 0 33 0 0 0 0 0
5 0 34 0 0 0 0 0
5 0 35 0 0 0 0 0
5 0 36 0 0 0 0 0
5 0 37 0 0 0 0 0
5 0 38 27671 18786 0 0 0
5 0 39 -18324 26653 0 0 0
5 0 40 18148 -25835 0 0 0
5 0 41 -25278 -18103 0 0 0
5 0 42 18030 -24971 0 0 0
5 0 43 30143 -4972 0 0 0
5 0 44 -24725 -17328 0 0 0
5 0 45 24499 16607 0 0 0
5 0 46 -15697 23999 0 0 0
5 0 47 -14726 23111 0 0 0
5 0 48 21780 13869 0 0 0
5 0 49 -20027 -13320 0 0 0
5 0 50 13261 -17954 0 0 0
5 0 51 -15733 -13827 0 0 0
5 0 52 15087 -13588 0 0 0
5 0 53 -17021 11762 0 0 0
5 0 54 10484 19521 0 0 0
5 0 55 22398 -9939 0 0 0
5 0 56 -10237 -25404 0 0 0
5 0 57 28042 11926 0 0 0
5 0 58 13337 30702 0 0 0
5 0 59 -32497 15892 0 0 0
5 0 60 18826 32767 0 0 0
5 0 61 -32768 21866 0 0 0
5 0 62 32767 -24733 0 0 0
5 0 63 -27184 -31440 0 0 0
5 1 0 0 0 0 0 0
5 1 1 27203 -30186 32767 -32768 2
5 1 2 -24894 30626 -32768 32767 2
5 1 3 22765 -30432 32767 -32768 2
5 1 4 29748 20985 32767 32767 2
5 1 5 -19654 28762 -32768 32767 2
5 1 6 27671 18786 32767 32767 2
5 1 7 31803 -5889 32767 0 1
5 1 8 -18148 25835 -32768 32767 2
5 1 9 18103 -25278 32767 -32768 2
5 1 10 18030 -24971 32767 -32768 2
5 1 11 24830 17799 32767 32767 2
5 1 12 -24725 -17328 -32768 -32768 2
5 1 13 -16607 24499 -32768 32767 2
5 1 14 -15697 23999 -32768 32767 2
5 1 15 14726 -23111 32767 -32768 2
5 1 16 21780 13869 32767 32767 2
5 1 17 -13320 20027 -32768 32767 2
5 1 18 -13261 17954 -32768 32767 2
5 1 19 13827 -15733 32767 -32768 2
5 1 20 15087 -13588 32767 -32768 2
5 1 21 -20352 -3719 -32768 0 1
5 1 22 10484 19521 32767 32767 2
5 1 23 -9939 -22398 -32768 -32768 2
5 1 24 25404 -10237 32767 -32768 2
5 1 25 11396 28262 32767 32767 2
5 1 26 13337 30702 32767 32767 2
5 1 27 0 0 0 0 0
5 1 28 0 0 0 0 0
5 1 29 0 0 0 0 0
5 1 30 0 0 0 0 0
5 1 31 0 0 0 0 0
5 1 32 0 0 0 0 0
5 1 33 0 0 0 0 0
5 1 34 0 0 0 0 0
5 1 35 0 0 0 0 0
5 1 36 0 0 0 0 0
5 1 37 0 0 0 0 0
5 1 38 -27671 -18786 -32768 -32768 2
5 1 39 -18324 26653 -32768 32767 2
5 1 40 -25835 -18148 -32768 -32768 2
5 1 41 -25278 -18103 -32768 -32768 2
5 1 42 24971 18030 32767 32767 2
5 1 43 30143 -4972 32767 0 1
5 1 44 17328 -24725 32767 -32768 2
5 1 45 16607 -24499 32767 -32768 2
5 1 46 23999 15697 32767 32767 2
5 1 47 14726 -23111 32767 -32768 2
5 1 48 13869 -21780 32767 -32768 2
5 1 49 20027 13320 32767 32767 2
5 1 50 -17954 -13261 -32768 -32768 2
5 1 51 13827 -15733 32767 -32768 2
5 1 52 13588 15087 32767 32767 2
5 1 53 -11762 -17021 -32768 -32768 2
5 1 54 19521 -10484 32767 -32768 2
5 1 55 -22398 9939 -32768 32767 2
5 1 56 -25404 10237 -32768 32767 2
5 1 57 28042 11926 32767 0 1
5 1 58 -30702 13337 -32768 32767 2
5 1 59 -32497 15892 -32768 32767 2
5 1 60 32767 -18826 32767 -32768 2
5 1 61 -21866 -32768 -32768 -32768 2
5 1 62 24733 32767 32767 32767 2
5 1 63 27184 31440 32767 32767 2
5 2 0 0 0 0 0 0
5 2 1 27203 -30186 32767 -32768 2
5 2 2 30626 24894 32767 32767 2
5 2 3 -22765 30432 -32768 32767 2
5 2 4 -29748 -20985 -32768 -32768 2
5 2 5 -19654 28762 -32768 32767 2
5 2 6 -18786 27671 -32768 32767 2
5 2 7 31803 -5889 32767 0 1
5 2 8 18148 -25835 32767 -32768 2
5 2 9 25278 18103 32767 32767 2
5 2 10 18030 -24971 32767 -32768 2
5 2 11 17799 -24830 32767 -32768 2
5 2 12 -17328 24725 -32768 32767 2
5 2 13 24499 16607 32767 32767 2
5 2 14 23999 15697 32767 32767 2
5 2 15 -14726 23111 -32768 32767 2
5 2 16 -21780 -13869 -32768 -32768 2
5 2 17 13320 -20027 32767 -32768 2
5 2 18 -13261 17954 -32768 32767 2
5 2 19 -15733 -13827 -32768 -32768 2
5 2 20 -13588 -15087 -32768 -32768 2
5 2 21 -20352 -3719 -32768 0 1
5 2 22 19521 -10484 32767 -32768 2
5 2 23 22398 -9939 32767 -32768 2
5 2 24 -10237 -25404 -32768 -32768 2
5 2 25 28262 -11396 32767 -32768 2
5 2 26 -13337 -30702 -32768 -32768 2
5 2 27 0 0 0 0 0
5 2 28 0 0 0 0 0
5 2 29 0 0 0 0 0
5 2 30 0 0 0 0 0
5 2 31 0 0 0 0 0
5 2 32 0 0 0 0 0
5 2 33 0 0 0 0 0
5 2 34 0 0 0 0 0
5 2 35 0 0 0 0 0
5 2 36 0 0 0 0 0
5 2 37 0 0 0 0 0
5 2 38 -27671 -18786 -32768 -32768 2
5 2 39 -18324 26653 -32768 32767 2
5 2 40 25835 18148 32767 32767 2
5 2 41 -25278 -18103 -32768 -32768 2
5 2 42 -24971 -18030 -32768 -32768 2
5 2 43 30143 -4972 32767 0 1
5 2 44 17328 -24725 32767 -32768 2
5 2 45 -16607 24499 -32768 32767 2
5 2 46 23999 15697 32767 32767 2
5 2 47 -14726 23111 -32768 32767 2
5 2 48 13869 -21780 32767 -32768 2
5 2 49 -20027 -13320 -32768 -32768 2
5 2 50 13261 -17954 32767 -32768 2
5 2 51 -13827 15733 -32768 32767 2
5 2 52 13588 15087 32767 32767 2
5 2 53 11762 17021 32767 32767 2
5 2 54 19521 -10484 32767 -32768 2
5 2 55 -22398 9939 -32768 32767 2
5 2 56 10237 25404 32767 32767 2
5 2 57 28042 11926 32767 0 1
5 2 58 -13337 -30702 -32768 -32768 2
5 2 59 -32497 15892 -32768 32767 2
5 2 60 32767 -18826 32767 -32768 2
5 2 61 21866 32767 32767 32767 2
5 2 62 -32768 24733 -32768 32767 2
5 2 63 -31440 27184 -32768 32767 2
