-12000 0 32767 12000 0 -32768 -12000 0 32767 -12000 0 32767 -16385 1 -32767 0
-11591 -3106 32767 11591 3106 -32768 -11591 -3106 32767 -11591 -3106 32767 -15826 4241 -30039 0
-10392 -6000 32767 10392 6000 -32768 -10392 -6000 32767 -10392 -6000 32767 -14191 8192 -27307 0
-8485 -8485 32767 8485 8485 -32768 -8485 -8485 32767 -8485 -8485 32767 -11587 11581 -24577 0
-6000 -10392 32767 6000 10392 -32768 -6000 -10392 32767 -6000 -10392 32767 -8192 14190 -21845 0
-3106 -11591 32767 3106 11591 -32768 -3106 -11591 32767 -3106 -11591 32767 -4240 15825 -19113 0
0 -12000 32767 0 12000 -32768 0 -12000 32767 0 -12000 32767 4 16383 -16383 0
3106 -11591 32767 -3106 11591 -32768 3106 -11591 32767 3106 -11591 32767 4240 15826 -13655 0
6000 -10392 32767 -6000 10392 -32768 6000 -10392 32767 6000 -10392 32767 8191 14191 -10923 0
8485 -8485 32767 -8485 8485 -32768 8485 -8485 32767 8485 -8485 32767 11584 11587 -8193 0
10392 -6000 32767 -10392 6000 -32768 10392 -6000 32767 10392 -6000 32767 14191 8191 -5461 0
11591 -3106 32767 -11591 3106 -32768 11591 -3106 32767 11591 -3106 32767 15826 4240 -2729 0
12000 0 32767 -12000 0 -32768 12000 0 32767 12000 0 32767 16388 -1 1 0
11591 3106 32767 -11591 -3106 -32768 11591 3106 32767 11591 3106 32767 15825 -4240 2729 0
10392 6000 32767 -10392 -6000 -32768 10392 6000 32767 10392 6000 32767 14190 -8192 5461 0
8485 8485 32767 -8485 -8485 -32768 8485 8485 32767 8485 8485 32767 11588 -11584 8191 0
6000 10392 32767 -6000 -10392 -32768 6000 10392 32767 6000 10392 32767 8192 -14191 10923 0
3106 11591 32767 -3106 -11591 -32768 3106 11591 32767 3106 11591 32767 4241 -15826 13655 0
0 12000 32767 0 -12000 -32768 0 12000 32767 0 12000 32767 1 -16385 16383 0
-3106 11591 32767 3106 -11591 -32768 -3106 11591 32767 -3106 11591 32767 -4241 -15826 19113 0
-6000 10392 32767 6000 -10392 -32768 -6000 10392 32767 -6000 10392 32767 -8193 -14190 21845 0
-8485 8485 32767 8485 -8485 -32768 -8485 8485 32767 -8485 8485 32767 -11581 -11588 24575 0
-10392 6000 32767 10392 -6000 -32768 -10392 6000 32767 -10392 6000 32767 -14190 -8193 27307 0
-11591 3106 32767 11591 -3106 -32768 -11591 3106 32767 -11591 3106 32767 -15826 -4241 30039 0
0 -12000 32767 0 12000 -32768 0 -12000 32767 0 -12000 32767 4 16383 -16383 0
0 12000 32767 0 -12000 -32768 0 12000 32767 0 12000 32767 1 -16385 16383 0
21 12000 32767 -21 -12000 -32768 21 12000 32767 21 12000 32767 29 -16383 16365 0
21 -12000 32767 -21 12000 -32768 21 -12000 32767 21 -12000 32767 32 16383 -16365 0
-12000 21 32767 12000 -21 -32768 -12000 21 32767 -12000 21 32767 -16386 -28 32749 0
-12000 -21 32767 12000 21 -32768 -12000 -21 32767 -12000 -21 32767 -16383 29 -32749 0
12000 21 32767 -12000 -21 -32768 12000 21 32767 12000 21 32767 16386 -29 19 0
12000 -21 32767 -12000 21 -32768 12000 -21 32767 12000 -21 32767 16383 32 -19 0
240 181 32767 -240 -181 -32768 240 181 32767 240 181 32767 13080 -9866 6739 0
2396 1805 32767 -2396 -1805 -32768 2396 1805 32767 2396 1805 32767 13086 -9860 6733 0
15973 12036 32767 -15973 -12036 -32768 15973 12036 32767 15973 12036 32767 13086 -9860 6733 0
25556 19258 32767 -25556 -19258 -32768 25556 19258 32767 25556 19258 32767 13084 -9864 6737 0
0 0 32767 0 0 -32768 0 0 32767 0 0 32767 16384 0 0 1
-7490 -9205 32767 8491 8290 -32768 -6892 -9660 32767 -8740 -8027 32767 -10948 12187 -24019 0
-6118 -14476 32767 6490 14313 -32768 -9381 -12609 32767 -7373 -13879 32767 -7688 14469 -21477 0
5839 1007 32767 -5923 139 -32768 5925 -36 32767 5919 -274 32767 16379 -386 247 0
3127 -317 32767 -3124 347 -32768 3139 152 32767 3136 -205 32767 16357 936 -597 0
4883 -6467 32767 -3797 7159 -32768 4527 -6721 32767 5052 -6336 32767 9253 13520 -10125 0
1296 -12212 32767 -3032 11900 -32768 1424 -12198 32767 2191 -12084 32767 2657 16167 -14685 0
-2362 16505 32767 2772 -16441 -32768 -2416 16497 32767 -2427 16496 32767 -2452 -16197 17953 0
-8881 -6396 32767 8824 6475 -32768 -8482 -6918 32767 -8072 -7392 32767 -12836 10184 -25771 0
7248 -2736 32767 -7254 2720 -32768 6945 -3433 32767 7330 -2507 32767 15232 6033 -3933 0
1697 1084 32767 -1776 -949 -32768 1770 960 32767 1814 875 32767 14365 -7876 5231 0
-5291 -14878 32767 4658 15088 -32768 -4178 -15228 32767 -3755 -15338 32767 -4644 15712 -19381 0
-3035 -3925 32767 2399 4343 -32768 -2691 -4168 32767 -2512 -4279 32767 -8793 13819 -22293 0
