0 0 0 -3127 1650 -3127 1650
0 0 1 -1842 -281 -1848 -235
0 0 2 1028 -778 988 -829
0 0 3 -1220 4102 -908 4182
0 0 4 470 -1346 332 -1386
0 0 5 988 -1420 802 -1533
0 0 6 -2094 -3 -2071 311
0 0 7 1243 -3826 554 -3985
0 0 8 -2347 -695 -2439 -212
0 0 9 -1641 497 -1488 852
0 0 10 3604 -131 3458 -1023
0 0 11 -2415 1159 -2007 1774
0 0 12 -824 927 -512 1130
0 0 13 -875 1059 -489 1284
0 0 14 -2782 1283 -2169 2163
0 0 15 3410 402 3318 -881
0 0 16 2569 -1101 1933 -2018
0 0 17 2771 1906 3312 586
0 0 18 2331 4105 3891 2673
0 0 19 2539 574 2519 -657
0 0 20 5167 -2851 3154 -4987
0 0 21 -179 -3462 -1898 -2900
0 0 22 998 1448 1610 708
0 0 23 1375 4701 3720 3185
0 0 24 -2149 1557 -887 2501
0 0 25 1409 -2457 -305 -2816
0 0 26 92 -710 -359 -619
0 0 27 -289 3287 1838 2740
0 0 28 1904 -916 859 -1931
0 0 29 -749 -183 -681 363
0 0 30 -1940 1313 -515 2285
0 0 31 -524 -3017 -2493 -1778
0 0 32 8 2795 2019 1933
0 0 33 -1639 2775 940 3083
0 0 34 -301 -1039 -981 -455
0 0 35 -1681 1953 433 2541
0 0 36 -5873 -1045 -4450 3972
0 0 37 -1116 -1632 -1976 -81
0 0 38 1141 -131 552 -1007
0 0 39 -277 844 547 700
0 0 40 3212 311 1984 -2546
0 0 41 3238 -3370 -1224 -4510
0 0 42 936 931 1272 -356
0 0 43 254 2408 2244 909
0 0 44 1150 337 817 -877
0 0 45 3198 2941 4023 -1642
0 0 46 1415 -252 339 -1396
0 0 47 -1190 -4705 -4804 -686
0 0 48 -1328 -1167 -1564 826
0 0 49 -1714 3689 2908 2844
0 0 50 -1589 157 -341 1559
0 0 51 124 -1165 -1081 -451
0 0 52 2840 4235 4829 -1637
0 0 53 1875 1516 1916 -1463
0 0 54 -2858 -4623 -5124 1813
0 0 55 -2130 -6078 -6369 953
0 0 56 3123 -3248 -2697 -3609
0 0 57 4426 -1441 -817 -4582
0 0 58 -879 -3070 -3150 527
0 0 59 -2560 375 148 2583
0 0 60 2526 2548 2701 -2361
0 0 61 -1205 -175 -220 1197
0 0 62 -3202 -315 -355 3198
0 0 63 1584 -597 -617 -1576
0 0 64 -1531 -3187 -3127 1650
0 0 65 350 -1830 -1848 -234
0 0 66 738 1056 988 -828
0 0 67 -4053 -1373 -907 4182
0 0 68 1327 521 333 -1386
0 0 69 1382 1041 802 -1533
0 0 70 82 -2092 -2071 312
0 0 71 3776 1387 555 -3984
0 0 72 783 -2319 -2438 -212
0 0 73 -435 -1658 -1487 852
0 0 74 -5 3606 3458 -1023
0 0 75 -1068 -2457 -2007 1775
0 0 76 -895 -859 -512 1130
0 0 77 -1025 -914 -488 1283
0 0 78 -1177 -2828 -2169 2163
0 0 79 -530 3392 3318 -882
0 1 0 3030 -1465 -2616 -2117
0 1 1 2367 925 -235 -2530
0 1 2 -2491 -3269 -1712 3736
0 1 3 -3683 47 1856 3182
0 1 4 -5181 6176 7961 1266
0 1 5 -5577 1920 4609 3680
0 1 6 -1954 1994 2745 512
0 1 7 3811 3081 314 -4890
0 1 8 -56 -827 -629 539
0 1 9 -1858 513 1551 1144
0 1 10 2433 751 -972 -2354
0 1 11 -296 -5589 -4022 3893
0 1 12 -619 -1067 -369 1177
0 1 13 3084 6199 2326 -6521
0 1 14 3366 1444 -1380 -3392
0 1 15 470 -836 -915 288
0 1 16 877 -1088 -1379 227
0 1 17 3775 276 -2700 -2653
0 1 18 809 2682 1054 -2596
0 1 19 -564 -1519 -475 1549
0 1 20 1482 -236 -1337 -681
0 1 21 1408 1883 -91 -2350
0 1 22 -1002 -429 604 907
0 1 23 -1859 560 1876 499
0 1 24 272 -783 -629 539
0 1 25 -1225 -1918 150 2271
0 1 26 251 -2190 -1230 1830
0 1 27 795 -2568 -1838 1962
0 1 28 -2762 -686 2229 1769
0 1 29 2581 -1850 -3099 692
0 1 30 3227 -1606 -3592 305
0 1 31 -3257 -181 2995 1293
0 1 32 -1908 -1199 1422 1748
0 1 33 1633 592 -1383 -1051
0 1 34 323 325 -221 -401
0 1 35 -1615 -2835 860 3147
0 1 36 1299 -3190 -1981 2817
0 1 37 2852 -2163 -3226 1549
0 1 38 1708 667 -1565 -955
0 1 39 301 2832 128 -2845
0 1 40 -774 1845 999 -1733
0 1 41 873 407 -828 -492
0 1 42 -1136 288 1155 -202
0 1 43 -1253 657 1284 -593
0 1 44 1570 -2330 -1628 2290
0 1 45 1783 -2420 -1783 2420
0 1 46 1891 186 -1895 -139
0 1 47 -924 -670 957 623
0 1 48 1180 3824 -1465 -3724
0 1 49 1356 3223 -1672 -3071
0 1 50 -2210 -2685 2529 2387
0 1 51 2485 -2 -2456 375
0 1 52 676 -350 -604 463
0 1 53 -1941 2307 1441 -2647
0 1 54 -516 2494 -57 -2546
0 1 55 -2906 -4069 3826 3219
0 1 56 -1434 1395 999 -1733
0 1 57 -1698 -662 1818 128
0 1 58 -1318 -4514 2697 3852
0 1 59 -187 2696 -753 -2595
0 1 60 -146 3005 -971 -2848
0 1 61 1994 4192 -3475 -3077
0 1 62 -2067 100 1840 -948
0 1 63 -1177 -4356 2963 3403
0 1 64 1350 3083 -2615 -2118
0 1 65 -1014 2330 -234 -2530
0 1 66 3360 -2366 -1711 3736
0 1 67 92 -3682 1855 3181
0 1 68 -5977 -5410 7962 1265
0 1 69 -1709 -5645 4609 3680
0 1 70 -1919 -2028 2744 513
0 1 71 -3222 3692 314 -4890
0 1 72 828 -25 -629 539
0 1 73 -442 -1876 1550 1144
0 1 74 -842 2403 -973 -2353
0 1 75 5597 -85 -4022 3893
0 1 76 1089 -578 -369 1177
0 1 77 -6311 2848 2327 -6521
0 1 78 -1569 3309 -1380 -3392
0 1 79 818 501 -915 288
0 2 0 4759 65 -3084 3626
0 2 1 925 1611 -1838 -268
0 2 2 -527 4084 -2959 -2864
0 2 3 5651 -691 -2700 5012
0 2 4 -1573 -1386 2027 -534
0 2 5 -1115 -473 997 -688
0 2 6 -1691 -146 995 -1375
0 2 7 -2364 716 542 -2410
0 2 8 3969 1750 -3412 2677
0 2 9 -1915 2162 -1074 -2681
0 2 10 -1611 -303 961 -1329
0 2 11 3356 -2193 655 3955
0 2 12 -307 -916 964 64
0 2 13 -1337 1504 -929 -1785
0 2 14 277 268 -345 172
0 2 15 2368 -1650 838 2761
0 2 16 -14 1250 -1194 -370
0 2 17 -4587 1808 -549 -4900
0 2 18 -4293 -390 1394 -4079
0 2 19 1956 2071 -2439 1473
0 2 20 6790 3276 -4491 6056
0 2 21 1549 935 -1175 1376
0 2 22 -2736 2664 -2262 -3077
0 2 23 -2553 2872 -2566 -2861
0 2 24 -498 -295 337 -470
0 2 25 1162 582 -654 1123
0 2 26 -1347 1276 -1224 -1394
0 2 27 811 2337 -2347 781
0 2 28 1410 3113 -3095 1449
0 2 29 -1698 -3660 3593 -1834
0 2 30 459 -7228 7243 4
0 2 31 213 -1339 1352 95
0 2 32 -1968 -180 -43 -1976
0 2 33 892 -3169 3261 448
0 2 34 3679 243 358 3669
0 2 35 1711 432 -104 1762
0 2 36 2296 -3172 3586 1572
0 2 37 2016 -969 1418 1729
0 2 38 -3166 -806 -47 -3267
0 2 39 862 -2292 2442 173
0 2 40 4336 -1493 2759 3663
0 2 41 -294 -1010 855 -614
0 2 42 449 240 -64 504
0 2 43 2062 -72 850 1880
0 2 44 195 -442 483 0
0 2 45 -2059 -651 -288 -2140
0 2 46 -2355 -1808 560 -2915
0 2 47 -676 -1915 1371 -1498
0 2 48 910 -857 1194 370
0 2 49 1028 309 264 1040
0 2 50 -903 1124 -1433 -160
0 2 51 552 3939 -2964 2652
0 2 52 114 1246 -951 813
0 2 53 -2229 167 -1467 -1687
0 2 54 -357 5699 -4702 3240
0 2 55 -1185 -336 -496 -1128
0 2 56 -778 -3283 1965 -2742
0 2 57 1611 -167 1211 1076
0 2 58 3713 -2595 4444 875
0 2 59 2956 -1834 3392 772
0 2 60 -3178 -3381 -2 -4640
0 2 61 -334 635 -672 251
0 2 62 1608 1838 36 2442
0 2 63 -3036 -2520 -782 -3867
0 2 64 -245 4754 -3084 3625
0 2 65 -1644 864 -1838 -267
0 2 66 -4062 -680 -2959 -2864
0 2 67 477 5673 -2701 5012
0 2 68 1445 -1520 2028 -535
0 2 69 515 -1096 997 -688
0 2 70 209 -1685 996 -1376
0 2 71 -626 -2390 543 -2410
0 2 72 -1899 3900 -3413 2677
0 2 73 -2088 -1995 -1074 -2681
0 2 74 364 -1599 961 -1329
0 2 75 2065 3436 655 3954
0 2 76 927 -273 964 64
0 2 77 -1453 -1393 -930 -1785
0 2 78 -278 266 -344 171
0 2 79 1560 2429 838 2762
0 3 0 503 2527 -141 2573
0 3 1 -4080 72 -3992 -845
0 3 2 -2462 755 -2562 247
0 3 3 -4486 145 -4442 -642
0 3 4 -3740 743 -3809 173
0 3 5 -1717 1357 -1874 1131
0 3 6 -4215 -2560 -3937 -2970
0 3 7 653 2847 437 2888
0 3 8 1911 833 1867 928
0 3 9 -861 -3155 -781 -3176
0 3 10 -1107 1913 -1107 1913
0 3 11 -2304 -3204 -2383 -3145
0 3 12 -175 -1078 -229 -1068
0 3 13 -789 4906 -418 4952
0 3 14 1179 1487 1322 1361
0 3 15 4910 1165 5017 540
0 3 16 -272 563 -184 597
0 3 17 -596 1838 -265 1914
0 3 18 4469 159 4410 -736
0 3 19 5882 -2665 5135 -3916
0 3 20 2825 1414 3088 667
0 3 21 -3471 323 -3251 1258
0 3 22 -3598 -1815 -3975 -664
0 3 23 -1155 -373 -1213 17
0 3 24 -999 580 -738 888
0 3 25 773 -361 586 -620
0 3 26 -215 -3016 -1378 -2691
0 3 27 0 -224 -93 -204
0 3 28 2278 1663 2776 500
0 3 29 734 -1662 -111 -1814
0 3 30 4154 617 3937 -1460
0 3 31 5272 5589 7369 2174
0 3 32 -1472 2115 -142 2573
0 3 33 558 -2414 -851 -2327
0 3 34 617 -1479 -331 -1568
0 3 35 -3816 -1038 -3698 1403
0 3 36 3038 524 2731 -1430
0 3 37 2531 -1271 1173 -2578
0 3 38 -5253 -3118 -6023 1022
0 3 39 708 1200 1327 424
0 3 40 5005 539 4017 -3033
0 3 41 -67 -1130 -842 -757
0 3 42 -724 -1695 -1723 -654
0 3 43 -961 -1416 -1693 -248
0 3 44 -1315 1566 318 2020
0 3 45 1691 1095 1921 -605
0 3 46 -78 2577 1978 1654
0 3 47 -497 229 -114 535
0 3 48 2582 -2159 -271 -3355
0 3 49 1726 1358 2089 -677
0 3 50 -1035 -1350 -1694 150
0 3 51 -4585 -75 -2423 3893
0 3 52 -971 985 379 1330
0 3 53 3053 -1583 40 -3438
0 3 54 307 2732 2580 950
0 3 55 2387 2174 2984 -1235
0 3 56 -131 460 368 305
0 3 57 -4908 1236 -721 5010
0 3 58 -1877 298 -392 1860
0 3 59 140 867 864 157
0 3 60 532 -673 -475 -714
0 3 61 -276 -2272 -2256 -383
0 3 62 1150 -994 -660 -1369
0 3 63 282 2484 2480 313
0 3 64 -2545 407 -142 2573
0 3 65 82 -4080 -3992 -845
0 3 66 -662 -2488 -2562 249
0 3 67 24 -4488 -4441 -643
0 3 68 -601 -3765 -3809 172
0 3 69 -1291 -1767 -1874 1131
0 3 70 2717 -4116 -3937 -2970
0 3 71 -2870 545 436 2888
0 3 72 -904 1879 1868 927
0 3 73 3185 -741 -781 -3176
0 3 74 -1870 -1178 -1107 1913
0 3 75 3289 -2182 -2384 -3146
0 3 76 1084 -135 -230 -1068
0 3 77 -4873 -974 -418 4952
0 3 78 -1530 1122 1322 1361
0 3 79 -1349 4863 5018 540
1 0 0 -156 -341 -157 -341
1 0 1 -670 1123 -712 1097
1 0 2 3543 376 3505 642
1 0 3 1907 -311 1930 -94
1 0 4 -1494 1795 -1747 1550
1 0 5 150 -52 158 -23
1 0 6 1874 -984 2047 -539
1 0 7 2622 199 2479 877
1 0 8 54 1020 -251 989
1 0 9 -3112 671 -3158 -403
1 0 10 -405 -287 -271 -417
1 0 11 2148 -950 2349 -4
1 0 12 -185 -3340 1293 -3084
1 0 13 311 -969 730 -708
1 0 14 1483 259 1151 970
1 0 15 385 -2111 1456 -1576
1 0 16 711 1735 -398 1832
1 0 17 -402 1931 -1477 1308
1 0 18 641 -882 1052 -284
1 0 19 -189 364 -381 150
1 0 20 -3093 971 -2919 -1409
1 0 21 1552 2088 -395 2571
1 0 22 1698 1808 -187 2474
1 0 23 -817 -51 -489 -656
1 0 24 2682 -1328 2701 1288
1 0 25 2598 -952 2297 1543
1 0 26 716 1322 -699 1330
1 0 27 274 -73 206 195
1 0 28 -308 -1929 1526 -1218
1 0 29 -1567 -1449 567 -2058
1 0 30 -2010 -1517 516 -2464
1 0 31 151 1222 -1065 617
1 0 32 1317 2921 -2259 2271
1 0 33 608 293 -82 669
1 0 34 -1366 -913 486 -1570
1 0 35 -463 -824 683 -654
1 0 36 -22 -840 816 -200
1 0 37 -2996 -1204 661 -3161
1 0 38 49 -836 835 -67
1 0 39 1480 1228 -1073 1596
1 0 40 -703 388 -431 -677
1 0 41 2113 -284 337 2105
1 0 42 868 307 -318 864
1 0 43 -3019 -414 565 -2994
1 0 44 -1156 1152 -1045 -1253
1 0 45 649 491 -569 582
1 0 46 -245 28 12 -246
1 0 47 554 1199 -1285 302
1 0 48 821 -170 -29 838
1 0 49 -420 1476 -1305 -807
1 0 50 323 257 -344 228
1 0 51 739 -674 378 926
1 0 52 1949 1610 -2229 1192
1 0 53 2217 -415 -541 2190
1 0 54 -140 2145 -1855 -1087
1 0 55 152 1930 -1764 -797
1 0 56 127 -767 592 504
1 0 57 -733 3447 -2487 -2497
1 0 58 -1274 1738 -683 -2044
1 0 59 -950 -352 857 -541
1 0 60 752 570 -919 216
1 0 61 -281 -446 520 87
1 0 62 -353 52 208 -291
1 0 63 -334 -535 611 154
1 0 64 -111 358 -156 -341
1 0 65 1247 -391 -711 1096
1 0 66 -2392 -2640 3504 642
1 0 67 -1630 -1038 1930 -94
1 0 68 2310 -344 -1746 1550
1 0 69 -146 -61 156 -23
1 0 70 -2053 -514 2046 -538
1 0 71 -1824 -1895 2480 876
1 0 72 639 -797 -251 990
1 0 73 2768 1572 -3158 -403
1 0 74 111 484 -270 -417
1 0 75 -2235 -722 2348 -3
1 0 76 -2087 2615 1293 -3085
1 0 77 -877 515 730 -708
1 0 78 -933 -1181 1150 972
1 0 79 -1694 1318 1457 -1576
1 1 0 -336 -1074 468 1024
1 1 1 -1782 137 1763 -294
1 1 2 1854 -1006 -1801 1098
1 1 3 1272 -851 -1261 867
1 1 4 1092 -291 -1099 263
1 1 5 1733 -1642 -1833 1530
1 1 6 980 -2235 -1199 2126
1 1 7 1471 -1503 -1664 1285
1 1 8 -505 1906 830 -1788
1 1 9 595 1001 -370 -1104
1 1 10 808 -1614 -1184 1362
1 1 11 -397 -102 351 211
1 1 12 2282 -296 -2256 -451
1 1 13 1332 199 -1174 -660
1 1 14 218 1296 306 -1278
1 1 15 53 1866 747 -1711
1 1 16 -629 1412 1207 -964
1 1 17 177 406 46 -441
1 1 18 -1048 2756 2339 -1795
1 1 19 -697 883 1071 -345
1 1 20 531 -2329 -1798 1572
1 1 21 157 -1754 -1207 1282
1 1 22 286 -748 -702 385
1 1 23 1046 1764 420 -2008
1 1 24 3344 -101 -2450 -2278
1 1 25 1675 -1144 -1981 -438
1 1 26 -2681 780 2348 1510
1 1 27 -1059 -1605 -585 1832
1 1 28 1133 380 -373 -1136
1 1 29 -1143 2122 2395 -262
1 1 30 -1811 -1801 -551 2495
1 1 31 -185 -654 -472 490
1 1 32 329 771 525 -653
1 1 33 1179 -938 -1359 -651
1 1 34 532 766 487 -796
1 1 35 -1810 -420 276 1837
1 1 36 376 -2777 -2744 570
1 1 37 2996 689 -232 -3066
1 1 38 9 108 102 -37
1 1 39 -1115 -1443 -1156 1410
1 1 40 571 1404 1272 -824
1 1 41 -342 1394 1430 129
1 1 42 -737 507 587 675
1 1 43 -922 -1208 -1135 1011
1 1 44 160 -583 -589 -138
1 1 45 1272 1176 1176 -1272
1 1 46 -2283 73 -13 2284
1 1 47 -1982 2993 2836 2201
1 1 48 198 2508 2514 86
1 1 49 264 -379 -335 -318
1 1 50 2314 130 561 -2249
1 1 51 595 -341 -199 -656
1 1 52 -236 2315 2173 832
1 1 53 538 739 866 -295
1 1 54 -1705 -1766 -2233 1020
1 1 55 -928 1703 1242 1490
1 1 56 -225 -78 -162 175
1 1 57 -541 -228 -442 387
1 1 58 1209 3170 3366 425
1 1 59 3127 1338 2731 -2028
1 1 60 1461 -951 -20 -1743
1 1 61 -717 -1013 -1241 16
1 1 62 1469 -993 82 -1771
1 1 63 -106 -818 -704 -431
1 1 64 -464 1025 469 1022
1 1 65 1420 1084 1762 -293
1 1 66 -2053 -484 -1801 1099
1 1 67 -1515 -212 -1261 867
1 1 68 -1008 -510 -1098 264
1 1 69 -2386 71 -1832 1530
1 1 70 -2220 1015 -1200 2127
1 1 71 -2098 142 -1663 1286
1 1 72 1647 -1085 832 -1788
1 1 73 223 -1143 -369 -1105
1 1 74 -1677 666 -1183 1362
1 1 75 228 340 351 211
1 1 76 -1899 -1299 -2256 -452
1 1 77 -860 -1036 -1172 -662
1 1 78 700 -1112 307 -1278
1 1 79 1203 -1427 746 -1711
1 2 0 2480 1078 2670 427
1 2 1 -1071 2368 -544 2542
1 2 2 -458 -120 -472 -38
1 2 3 1170 -1432 961 -1579
1 2 4 -1879 1173 -1752 1356
1 2 5 -409 436 -381 461
1 2 6 2161 -193 2156 -248
1 2 7 815 523 809 533
1 2 8 -3345 842 -3383 673
1 2 9 -1786 450 -1819 291
1 2 10 1434 -313 1462 -131
1 2 11 -693 1609 -945 1475
1 2 12 845 212 786 376
1 2 13 -479 -486 -351 -585
1 2 14 -2494 2150 -2986 1388
1 2 15 -234 805 -471 693
1 2 16 -2124 521 -2174 -242
1 2 17 -1845 167 -1771 -546
1 2 18 -1020 -76 -897 -492
1 2 19 84 172 -2 191
1 2 20 2753 -2176 3461 -581
1 2 21 984 -1988 1867 -1199
1 2 22 1548 -1776 2266 -641
1 2 23 1385 141 1049 915
1 2 24 -436 918 -904 464
1 2 25 498 -782 882 -284
1 2 26 -309 1542 -1257 944
1 2 27 960 -1798 1939 -629
1 2 28 1371 -2878 3024 -1008
1 2 29 -1195 1426 -1860 58
1 2 30 -1326 -1460 280 -1953
1 2 31 -2492 -2002 74 -3196
1 2 32 -2211 -417 -937 -2046
1 2 33 1073 311 326 1068
1 2 34 301 849 -573 695
1 2 35 -1831 -2143 995 -2637
1 2 36 -574 -587 267 -776
1 2 37 289 1700 -1428 967
1 2 38 -431 -46 -121 -416
1 2 39 -530 240 -407 -415
1 2 40 749 -445 654 575
1 2 41 1595 -1809 2175 1041
1 2 42 -134 603 -618 12
1 2 43 -748 -25 -126 -737
1 2 44 533 -3226 3270 1
1 2 45 1063 305 -169 1093
1 2 46 808 1847 -1769 967
1 2 47 -719 418 -453 -697
1 2 48 -1642 2777 -2798 -1607
1 2 49 -1744 632 -588 -1759
1 2 50 -721 -491 535 -689
1 2 51 1943 1791 -1977 1754
1 2 52 2804 345 -728 2729
1 2 53 2017 -321 -37 2042
1 2 54 -142 -954 962 63
1 2 55 -2544 -510 1127 -2338
1 2 56 -845 1382 -1084 -1204
1 2 57 1584 -387 -142 1624
1 2 58 -931 -1591 1818 -302
1 2 59 -1915 128 632 -1812
1 2 60 941 -28 -375 863
1 2 61 608 -1305 879 1140
1 2 62 1119 272 -788 840
1 2 63 579 -67 -247 528
1 2 64 -1132 -2456 2670 427
1 2 65 2376 -1054 -543 2542
1 2 66 262 394 -472 -38
1 2 67 -1826 289 961 -1579
1 2 68 2183 376 -1751 1356
1 2 69 595 -53 -380 460
1 2 70 -1741 -1295 2156 -249
1 2 71 -260 -933 808 533
1 2 72 3056 1599 -3383 674
1 2 73 1632 853 -1818 292
1 2 74 -1279 -722 1463 -131
1 2 75 1588 -738 -946 1474
1 2 76 -489 -720 785 376
1 2 77 34 682 -351 -585
1 2 78 3293 57 -2986 1388
1 2 79 711 -444 -471 693
2 0 0 -5024 2297 -5024 2297
2 0 1 -200 -337 -215 -327
2 0 2 -4087 -173 -4085 212
2 0 3 236 -2340 -96 -2350
2 0 4 399 205 430 127
2 0 5 -1024 2070 -513 2252
2 0 6 7329 -2059 6463 -4021
2 0 7 4311 3928 5351 2320
2 0 8 -2870 3282 -1461 4108
2 0 9 -1364 -3331 -2614 -2474
2 0 10 -1699 106 -1466 866
2 0 11 -1216 2164 15 2482
2 0 12 -843 1848 278 2012
2 0 13 1962 -3110 -183 -3672
2 0 14 4816 -873 3270 -3641
2 0 15 -2619 3753 446 4554
2 0 16 -2162 -1195 -2394 609
2 0 17 4055 2265 4448 -1336
2 0 18 744 -506 112 -892
2 0 19 82 -3094 -2363 -1999
2 0 20 4125 2152 4166 -2073
2 0 21 723 -2416 -1622 -1931
2 0 22 -7025 2982 -1009 7565
2 0 23 -2036 5151 3600 4209
2 0 24 2560 -4691 -3154 -4314
2 0 25 -1932 -2608 -3149 787
2 0 26 1477 936 1381 -1072
2 0 27 4287 -2287 -925 -4770
2 0 28 3843 -5519 -4389 -5095
2 0 29 365 -1964 -1849 -755
2 0 30 -2375 2073 1676 2670
2 0 31 2883 2322 2624 -2610
2 0 32 1683 3611 3709 -1453
2 0 33 563 -1166 -1157 -581
2 0 34 -641 -3575 -3553 753
2 0 35 -1828 1346 1486 1716
2 0 36 3519 1458 1006 -3674
2 0 37 1111 -1553 -1721 -828
2 0 38 433 -143 -234 -392
2 0 39 -76 919 906 -169
2 0 40 -757 -1082 -796 1055
2 0 41 2743 390 -605 -2704
2 0 42 -3686 -1604 -8 4020
2 0 43 -2753 -1145 183 2976
2 0 44 906 5222 4139 -3309
2 0 45 -1892 2906 3466 95
2 0 46 1876 3317 1689 -3416
2 0 47 2208 4370 2168 -4389
2 0 48 2233 1057 -609 -2395
2 0 49 3359 3598 401 -4906
2 0 50 2067 2837 545 -3468
2 0 51 1549 492 -815 -1406
2 0 52 -1166 -1946 -342 2243
2 0 53 -2626 -5796 -1380 6211
2 0 54 -1545 -3995 -967 4172
2 0 55 1320 -975 -1634 141
2 0 56 -95 2094 1093 -1790
2 0 57 -837 214 846 176
2 0 58 644 -7184 -3444 6337
2 0 59 -2370 -6884 -217 7277
2 0 60 2888 -2131 -3405 1134
2 0 61 1012 266 -906 -524
2 0 62 -6412 585 6385 828
2 0 63 3482 -3181 -3977 2535
2 0 64 4696 -2909 -5023 2297
2 0 65 241 309 -216 -327
2 0 66 4076 -341 -4085 213
2 0 67 59 2351 -95 -2350
2 0 68 -422 -153 431 126
2 0 69 757 -2182 -513 2251
2 0 70 -7013 2962 6463 -4023
2 0 71 -4769 -3356 5351 2319
2 0 72 2436 -3615 -1461 4107
2 0 73 1770 3134 -2613 -2475
2 0 74 1672 -318 -1465 865
2 0 75 935 -2300 17 2483
2 0 76 605 -1939 278 2012
2 0 77 -1557 3331 -183 -3672
2 0 78 -4668 1470 3269 -3641
2 0 79 2128 -4051 445 4554
2 1 0 3524 -6840 1168 7605
2 1 1 -2912 -5967 6003 2837
2 1 2 -106 -4714 3197 3466
2 1 3 4410 -78 -3113 3125
2 1 4 3221 4528 -5506 -751
2 1 5 1705 -907 -418 1886
2 1 6 -4130 -1951 4074 -2068
2 1 7 -1080 -2847 2950 753
2 1 8 2028 -3826 2144 3762
2 1 9 -179 -584 596 133
2 1 10 1945 -3787 2491 3452
2 1 11 2082 -1700 692 2597
2 1 12 2130 2818 -3404 943
2 1 13 1503 -1973 1379 2061
2 1 14 -529 193 -37 -562
2 1 15 -791 1237 -1018 -1058
2 1 16 3880 -451 -284 3896
2 1 17 6401 4039 -4901 5768
2 1 18 130 -2814 2789 395
2 1 19 -695 -3409 3438 -533
2 1 20 -2008 2767 -2767 -2008
2 1 21 -3400 -4167 4002 -3593
2 1 22 -122 -1287 1270 -243
2 1 23 -5093 3951 -4629 -4486
2 1 24 -5789 1383 -2444 -5427
2 1 25 -100 145 -164 -64
2 1 26 1891 -2664 3085 1073
2 1 27 748 -2312 2430 -42
2 1 28 1012 -3085 3241 -194
2 1 29 2538 -767 1743 1998
2 1 30 -933 1245 -1533 -266
2 1 31 2745 -1717 2851 1534
2 1 32 2352 1550 -49 2816
2 1 33 -4808 446 -3130 -3677
2 1 34 -1098 -846 -5 -1386
2 1 35 -2639 748 -2282 -1521
2 1 36 -4052 -1213 -1889 -3784
2 1 37 -3561 284 -2755 -2274
2 1 38 -4103 1932 -4356 -1264
2 1 39 2068 3668 -679 4155
2 1 40 -1602 807 -1770 -289
2 1 41 -774 -1409 127 -1603
2 1 42 3996 518 3175 2480
2 1 43 -3048 -275 -2565 -1670
2 1 44 -2222 4293 -3838 2938
2 1 45 -1177 926 -1442 405
2 1 46 -2384 -3456 -1072 -4059
2 1 47 4254 2640 3289 3774
2 1 48 4948 -735 4975 519
2 1 49 -64 -1840 310 -1815
2 1 50 196 1079 25 1096
2 1 51 3191 -4560 3672 -4182
2 1 52 -1216 -4849 -909 -4916
2 1 53 -5628 2323 -5664 2234
2 1 54 642 366 653 346
2 1 55 3208 -5313 2782 -5549
2 1 56 -2357 722 -2248 1012
2 1 57 -4350 1066 -4102 1798
2 1 58 -1930 -3951 -2745 -3435
2 1 59 3183 -323 2985 -1151
2 1 60 2716 1546 3061 632
2 1 61 -2203 -126 -2105 661
2 1 62 1844 -5499 -491 -5779
2 1 63 842 -2374 -288 -2502
2 1 64 -2639 7228 1169 7606
2 1 65 3637 5555 6003 2836
2 1 66 696 4663 3196 3466
2 1 67 -4365 630 -3113 3125
2 1 68 -3763 -4089 -5505 -753
2 1 69 -1578 1113 -418 1885
2 1 70 4342 1418 4073 -2067
2 1 71 1429 2689 2950 753
2 1 72 -1533 4050 2143 3763
2 1 73 250 557 596 134
2 1 74 -1455 4000 2490 3452
2 1 75 -1853 1947 692 2597
2 1 76 -2467 -2528 -3403 943
2 1 77 -1243 2146 1380 2060
2 1 78 501 -258 -37 -563
2 1 79 629 -1326 -1018 -1057
2 2 0 329 3298 3239 706
2 2 1 -2581 1458 725 2874
2 2 2 -2985 3686 2946 3717
2 2 3 1905 2235 2529 -1492
2 2 4 1572 1196 1384 -1410
2 2 5 -5945 3263 2786 6183
2 2 6 889 -1151 -1123 -924
2 2 7 2581 -16 -56 -2580
2 2 8 -945 3317 3370 735
2 2 9 1349 675 523 -1415
2 2 10 804 -2064 -2164 -471
2 2 11 3158 -2648 -3233 -2556
2 2 12 -1671 763 1154 1429
2 2 13 2346 3790 2933 -3356
2 2 14 8437 698 -2201 -8175
2 2 15 -3634 -5040 -3266 5286
2 2 16 -1957 -2894 -1785 3003
2 2 17 -108 -2358 -2033 1199
2 2 18 -2514 -6525 -4338 5485
2 2 19 2704 -936 -2267 -1746
2 2 20 -470 -566 -182 713
2 2 21 628 -6314 -5321 3458
2 2 22 555 -4848 -4003 2790
2 2 23 -1859 -1108 498 2106
2 2 24 1708 1332 -334 -2139
2 2 25 1174 701 -438 -1295
2 2 26 70 2923 1737 -2353
2 2 27 -1371 848 1609 94
2 2 28 2259 -2952 -3488 1281
2 2 29 3015 2564 -1348 -3722
2 2 30 -4356 775 4233 1287
2 2 31 -4114 -1712 3045 3253
2 2 32 -3271 536 3238 706
2 2 33 -1536 -2075 780 2461
2 2 34 2546 564 -2287 -1252
2 2 35 1304 2080 -782 -2327
2 2 36 -669 -1233 426 1337
2 2 37 -1430 29 1419 173
2 2 38 282 -2920 -556 2881
2 2 39 2062 -6371 -2361 6267
2 2 40 1210 264 -1210 -264
2 2 41 -455 2186 352 -2205
2 2 42 2158 1471 -2286 -1262
2 2 43 5247 5212 -5928 -4421
2 2 44 -558 -188 583 80
2 2 45 -4563 -3939 5356 2765
2 2 46 -3391 -1617 3707 607
2 2 47 -852 307 707 -567
2 2 48 2135 2766 -3003 -1786
2 2 49 -252 939 -157 -960
2 2 50 -199 5666 -2395 -5139
2 2 51 -102 4124 -1954 -3632
2 2 52 -2127 -4821 4378 2931
2 2 53 2350 1743 -2926 -74
2 2 54 -876 1767 -391 -1933
2 2 55 -5468 -3850 6659 -623
2 2 56 3043 -3040 -137 4299
2 2 57 781 -5804 3624 4600
2 2 58 -6568 -1424 5412 -3984
2 2 59 -1351 4799 -2899 -4056
2 2 60 -376 1360 -878 -1104
2 2 61 -401 -306 477 -167
2 2 62 9 3531 -3044 -1790
2 2 63 -3559 811 949 -3525
2 2 64 -740 -3231 3239 706
2 2 65 2378 -1770 725 2875
2 2 66 2499 -4031 2946 3717
2 2 67 -2170 -1978 2529 -1493
2 2 68 -1710 -989 1383 -1410
2 2 69 5490 -3982 2785 6184
2 2 70 -738 1254 -1123 -925
2 2 71 -2559 339 -56 -2580
2 2 72 521 -3409 3369 734
2 2 73 -1423 -500 522 -1415
2 2 74 -539 2149 -2165 -471
2 2 75 -2801 3023 -3232 -2556
2 2 76 1563 -967 1155 1429
2 2 77 -2803 -3466 2933 -3357
2 2 78 -8458 365 -2200 -8174
2 2 79 4237 4545 -3266 5286
3 0 0 -2344 938 -2344 938
3 0 1 -1243 2700 -1243 2700
3 0 2 1691 -408 1691 -408
3 0 3 721 -1714 721 -1714
3 0 4 -2380 -797 -2380 -797
3 0 5 -581 26 -581 26
3 0 6 -15 838 -15 837
3 0 7 1807 1207 1807 1207
3 0 8 3258 1463 3258 1463
3 0 9 165 -97 165 -97
3 0 10 -1187 -1062 -1187 -1062
3 0 11 -685 -567 -685 -567
3 0 12 -2198 -1852 -2198 -1852
3 0 13 -1260 -1942 -1260 -1942
3 0 14 1913 -1740 1913 -1740
3 0 15 762 -512 762 -512
3 0 16 938 3281 938 3281
3 0 17 2266 322 2266 322
3 0 18 1684 -1487 1684 -1487
3 0 19 2098 4335 2098 4335
3 0 20 -184 1189 -184 1188
3 0 21 97 -3044 97 -3044
3 0 22 -183 1634 -183 1633
3 0 23 -4090 1152 -4090 1151
3 0 24 -606 412 -606 412
3 0 25 1566 3084 1566 3084
3 0 26 -1429 113 -1429 113
3 0 27 -1391 -857 -1391 -857
3 0 28 -719 1460 -719 1460
3 0 29 -1549 881 -1548 881
3 0 30 -563 567 -563 566
3 0 31 2725 90 2725 90
3 0 32 2344 0 2344 0
3 0 33 1351 1317 1351 1317
3 0 34 -927 1646 -927 1646
3 0 35 -2970 1647 -2970 1646
3 0 36 1443 -141 1443 -141
3 0 37 -273 -1439 -273 -1439
3 0 38 -715 543 -715 543
3 0 39 2927 237 2927 237
3 0 40 -1383 -526 -1383 -526
3 0 41 -1498 1048 -1498 1048
3 0 42 -1309 -462 -1309 -462
3 0 43 -2385 -1769 -2385 -1769
3 0 44 -614 1464 -614 1464
3 0 45 -584 2588 -584 2588
3 0 46 2865 -655 2865 -655
3 0 47 542 -1775 542 -1775
3 0 48 -937 -469 -937 -470
3 0 49 3445 -1391 3445 -1391
3 0 50 1529 -2175 1529 -2175
3 0 51 870 -1521 870 -1521
3 0 52 -753 -2127 -753 -2127
3 0 53 852 -2377 852 -2377
3 0 54 3337 -1688 3337 -1688
3 0 55 -2376 572 -2376 572
3 0 56 -1269 2401 -1269 2401
3 0 57 -749 -1681 -749 -1681
3 0 58 -53 -3666 -53 -3666
3 0 59 3743 446 3743 446
3 0 60 -2093 804 -2093 804
3 0 61 -2006 3 -2006 3
3 0 62 862 503 862 503
3 0 63 -2297 -970 -2296 -970
3 0 64 -2344 938 -2344 937
3 0 65 -1243 2700 -1243 2700
3 0 66 1691 -408 1691 -408
3 0 67 721 -1714 721 -1714
3 0 68 -2380 -797 -2380 -797
3 0 69 -581 26 -581 26
3 0 70 -15 838 -15 837
3 0 71 1807 1207 1807 1207
3 0 72 3258 1463 3258 1463
3 0 73 165 -97 165 -97
3 0 74 -1187 -1062 -1187 -1062
3 0 75 -685 -567 -685 -567
3 0 76 -2198 -1852 -2198 -1852
3 0 77 -1260 -1942 -1260 -1942
3 0 78 1913 -1740 1913 -1740
3 0 79 762 -512 762 -512
3 1 0 -2812 469 -2812 468
3 1 1 338 1328 338 1328
3 1 2 3087 2452 3087 2452
3 1 3 2317 868 2317 868
3 1 4 -487 1099 -487 1099
3 1 5 209 768 209 768
3 1 6 -1908 -173 -1907 -173
3 1 7 -2724 80 -2724 80
3 1 8 3120 -1520 3120 -1520
3 1 9 -596 -253 -596 -253
3 1 10 -2821 1982 -2821 1981
3 1 11 2255 832 2255 832
3 1 12 331 -1374 331 -1374
3 1 13 -293 -1143 -293 -1143
3 1 14 1268 -56 1268 -56
3 1 15 699 -1978 699 -1978
3 1 16 938 -1406 938 -1406
3 1 17 678 1010 678 1010
3 1 18 1562 522 1562 522
3 1 19 1790 -349 1791 -349
3 1 20 -231 484 -231 484
3 1 21 -328 399 -328 398
3 1 22 2109 -1832 2109 -1832
3 1 23 1313 1212 1313 1212
3 1 24 -3670 1406 -3670 1405
3 1 25 -3483 -4436 -3483 -4436
3 1 26 1889 -2040 1889 -2040
3 1 27 1767 384 1767 384
3 1 28 -331 873 -331 872
3 1 29 3012 2126 3012 2126
3 1 30 2485 -292 2485 -293
3 1 31 -762 1491 -762 1491
3 1 32 938 1406 938 1406
3 1 33 779 -786 780 -786
3 1 34 1588 -946 1589 -946
3 1 35 2035 -3378 2035 -3378
3 1 36 -1502 889 -1502 889
3 1 37 355 3117 355 3117
3 1 38 2266 -1732 2266 -1732
3 1 39 -129 165 -129 165
3 1 40 -2183 2457 -2183 2457
3 1 41 -1858 1514 -1858 1514
3 1 42 -47 2779 -47 2779
3 1 43 -697 2049 -697 2049
3 1 44 331 -1164 332 -1164
3 1 45 -368 -1315 -368 -1315
3 1 46 -2135 -422 -2134 -422
3 1 47 -806 -609 -806 -609
3 1 48 -2813 -469 -2813 -470
3 1 49 -206 -1753 -206 -1753
3 1 50 2816 -154 2816 -154
3 1 51 1850 409 1850 409
3 1 52 2219 -2473 2219 -2473
3 1 53 -3547 -618 -3546 -618
3 1 54 -2468 -790 -2468 -790
3 1 55 2198 -443 2198 -443
3 1 56 -1018 1406 -1018 1405
3 1 57 597 -1927 597 -1927
3 1 58 -575 -846 -575 -846
3 1 59 -2263 -815 -2263 -815
3 1 60 -331 -2085 -331 -2086
3 1 61 -2791 1968 -2791 1968
3 1 62 -1619 1547 -1619 1547
3 1 63 -1343 82 -1343 82
3 1 64 -2812 469 -2812 468
3 1 65 338 1328 338 1328
3 1 66 3087 2452 3087 2452
3 1 67 2317 868 2317 868
3 1 68 -487 1099 -487 1099
3 1 69 209 768 209 768
3 1 70 -1908 -173 -1907 -173
3 1 71 -2724 80 -2724 80
3 1 72 3120 -1520 3120 -1520
3 1 73 -596 -253 -596 -253
3 1 74 -2821 1982 -2821 1981
3 1 75 2255 832 2255 832
3 1 76 331 -1374 331 -1374
3 1 77 -293 -1143 -293 -1143
3 1 78 1268 -56 1268 -56
3 1 79 699 -1978 699 -1978
4 0 0 0 0 0 0
4 0 1 0 0 0 0
4 0 2 0 0 0 0
4 0 3 0 0 0 0
4 0 4 0 0 0 0
4 0 5 0 0 0 0
4 0 6 0 0 0 0
4 0 7 0 0 0 0
4 0 8 0 0 0 0
4 0 9 0 0 0 0
4 0 10 0 0 0 0
4 0 11 0 0 0 0
4 0 12 0 0 0 0
4 0 13 0 0 0 0
4 0 14 0 0 0 0
4 0 15 0 0 0 0
4 0 16 0 0 0 0
4 0 17 0 0 0 0
4 0 18 0 0 0 0
4 0 19 0 0 0 0
4 0 20 0 0 0 0
4 0 21 0 0 0 0
4 0 22 0 0 0 0
4 0 23 0 0 0 0
4 0 24 0 0 0 0
4 0 25 0 0 0 0
4 0 26 0 0 0 0
4 0 27 0 0 0 0
4 0 28 0 0 0 0
4 0 29 0 0 0 0
4 0 30 0 0 0 0
4 0 31 0 0 0 0
4 0 32 0 0 0 0
4 0 33 0 0 0 0
4 0 34 0 0 0 0
4 0 35 0 0 0 0
4 0 36 0 0 0 0
4 0 37 0 0 0 0
4 0 38 0 0 0 0
4 0 39 0 0 0 0
4 0 40 0 0 0 0
4 0 41 0 0 0 0
4 0 42 0 0 0 0
4 0 43 0 0 0 0
4 0 44 0 0 0 0
4 0 45 0 0 0 0
4 0 46 0 0 0 0
4 0 47 0 0 0 0
4 0 48 0 0 0 0
4 0 49 0 0 0 0
4 0 50 0 0 0 0
4 0 51 0 0 0 0
4 0 52 0 0 0 0
4 0 53 0 0 0 0
4 0 54 0 0 0 0
4 0 55 0 0 0 0
4 0 56 0 0 0 0
4 0 57 0 0 0 0
4 0 58 0 0 0 0
4 0 59 0 0 0 0
4 0 60 0 0 0 0
4 0 61 0 0 0 0
4 0 62 0 0 0 0
4 0 63 0 0 0 0
4 0 64 0 0 0 0
4 0 65 0 0 0 0
4 0 66 0 0 0 0
4 0 67 0 0 0 0
4 0 68 0 0 0 0
4 0 69 0 0 0 0
4 0 70 0 0 0 0
4 0 71 0 0 0 0
4 0 72 0 0 0 0
4 0 73 0 0 0 0
4 0 74 0 0 0 0
4 0 75 0 0 0 0
4 0 76 0 0 0 0
4 0 77 0 0 0 0
4 0 78 0 0 0 0
4 0 79 0 0 0 0
4 1 0 0 0 0 0
4 1 1 0 0 0 0
4 1 2 0 0 0 0
4 1 3 0 0 0 0
4 1 4 0 0 0 0
4 1 5 0 0 0 0
4 1 6 0 0 0 0
4 1 7 0 0 0 0
4 1 8 0 0 0 0
4 1 9 0 0 0 0
4 1 10 0 0 0 0
4 1 11 0 0 0 0
4 1 12 0 0 0 0
4 1 13 0 0 0 0
4 1 14 0 0 0 0
4 1 15 0 0 0 0
4 1 16 0 0 0 0
4 1 17 0 0 0 0
4 1 18 0 0 0 0
4 1 19 0 0 0 0
4 1 20 0 0 0 0
4 1 21 0 0 0 0
4 1 22 0 0 0 0
4 1 23 0 0 0 0
4 1 24 0 0 0 0
4 1 25 0 0 0 0
4 1 26 0 0 0 0
4 1 27 0 0 0 0
4 1 28 0 0 0 0
4 1 29 0 0 0 0
4 1 30 0 0 0 0
4 1 31 0 0 0 0
4 1 32 0 0 0 0
4 1 33 0 0 0 0
4 1 34 0 0 0 0
4 1 35 0 0 0 0
4 1 36 0 0 0 0
4 1 37 0 0 0 0
4 1 38 0 0 0 0
4 1 39 0 0 0 0
4 1 40 0 0 0 0
4 1 41 0 0 0 0
4 1 42 0 0 0 0
4 1 43 0 0 0 0
4 1 44 0 0 0 0
4 1 45 0 0 0 0
4 1 46 0 0 0 0
4 1 47 0 0 0 0
4 1 48 0 0 0 0
4 1 49 0 0 0 0
4 1 50 0 0 0 0
4 1 51 0 0 0 0
4 1 52 0 0 0 0
4 1 53 0 0 0 0
4 1 54 0 0 0 0
4 1 55 0 0 0 0
4 1 56 0 0 0 0
4 1 57 0 0 0 0
4 1 58 0 0 0 0
4 1 59 0 0 0 0
4 1 60 0 0 0 0
4 1 61 0 0 0 0
4 1 62 0 0 0 0
4 1 63 0 0 0 0
4 1 64 0 0 0 0
4 1 65 0 0 0 0
4 1 66 0 0 0 0
4 1 67 0 0 0 0
4 1 68 0 0 0 0
4 1 69 0 0 0 0
4 1 70 0 0 0 0
4 1 71 0 0 0 0
4 1 72 0 0 0 0
4 1 73 0 0 0 0
4 1 74 0 0 0 0
4 1 75 0 0 0 0
4 1 76 0 0 0 0
4 1 77 0 0 0 0
4 1 78 0 0 0 0
4 1 79 0 0 0 0
5 0 0 32767 29000 32766 28999
5 0 1 -30000 29000 -28725 30262
5 0 2 32767 29000 32767 26077
5 0 3 32767 -29000 28764 -32768
5 0 4 -32768 -29000 -32768 -22963
5 0 5 -30000 -29000 -32768 -21933
5 0 6 -32768 -29000 -32768 -19680
5 0 7 32767 -32768 21579 -32768
5 0 8 -32768 29000 -21067 32767
5 0 9 -30000 29000 -16838 32767
5 0 10 -32768 29000 -17697 32767
5 0 11 30000 -29000 13498 -32768
5 0 12 -32768 29000 -14196 32767
5 0 13 -32768 29000 -12403 32767
5 0 14 -32768 -32768 -32768 -8455
5 0 15 32767 -29000 8753 -32768
5 0 16 30000 29000 32767 3358
5 0 17 32767 -32768 2523 -32768
5 0 18 -32768 -32768 -32768 -532
5 0 19 30000 29000 32767 -2021
5 0 20 -32768 29000 594 32767
5 0 21 30000 32767 32767 -3259
5 0 22 30000 -29000 -5968 -32768
5 0 23 30000 -29000 -7739 -32768
5 0 24 -32768 32767 11305 32767
5 0 25 32767 -32768 -13228 -32768
5 0 26 -32768 -32768 -32768 15123
5 0 27 32767 29000 32767 -18494
5 0 28 32767 32767 32767 -18830
5 0 29 32767 -32768 -20633 -32768
5 0 30 -30000 29000 19544 32767
5 0 31 -32768 -29000 -32768 25009
5 0 32 -30000 -32768 -32768 23081
5 0 33 -30000 29000 24124 32767
5 0 34 32767 32767 32767 -29008
5 0 35 30000 32767 32767 -27773
5 0 36 30000 29000 29681 -29325
5 0 37 -30000 -32768 -32161 30648
5 0 38 -32768 -32768 -30639 32767
5 0 39 -30000 29000 32009 26764
5 0 40 30000 -29000 -32768 -25363
5 0 41 30000 29000 22744 -32768
5 0 42 32767 -32768 -32768 -24238
5 0 43 32767 -32768 -32768 -22517
5 0 44 30000 29000 18055 -32768
5 0 45 -30000 29000 32767 17712
5 0 46 -32768 29000 32767 18613
5 0 47 30000 32767 16457 -32768
5 0 48 -32768 -29000 -10042 32767
5 0 49 -30000 -32768 -12854 32767
5 0 50 -30000 -32768 -11015 32767
5 0 51 -30000 -29000 -6092 32767
5 0 52 -32768 -32768 -5568 32767
5 0 53 32767 32767 3588 -32768
5 0 54 -32768 32767 32767 1599
5 0 55 32767 29000 -3034 -32768
5 0 56 32767 -29000 -32768 -412
5 0 57 -30000 29000 32767 -3234
5 0 58 -32768 32767 32767 -6351
5 0 59 -30000 29000 32767 -6794
5 0 60 -30000 -29000 9934 32767
5 0 61 -32768 -32768 12204 32767
5 0 62 -32768 32767 32767 -14113
5 0 63 -32768 32767 32767 -15995
5 0 64 -30000 32767 32767 -18903
5 0 65 32767 -32768 -32768 19672
5 0 66 30000 -29000 -32768 18691
5 0 67 -30000 29000 32767 -20278
5 0 68 -30000 -32768 22203 32767
5 0 69 32767 -32768 -32768 26563
5 0 70 32767 29000 -28665 -32768
5 0 71 -30000 -32768 26968 32767
5 0 72 32767 -32768 -32768 31226
5 0 73 -32768 -29000 32681 29096
5 0 74 32767 -29000 -31581 30286
5 0 75 -30000 -29000 32301 26412
5 0 76 -30000 -32768 32767 28738
5 0 77 -30000 29000 24694 -32768
5 0 78 -32768 29000 25933 -32768
5 0 79 30000 29000 -32768 -20495
5 1 0 32767 29000 -32768 -18101
5 1 1 32767 -32768 -23586 32767
5 1 2 -30000 -29000 32767 22294
5 1 3 30000 -29000 -25058 32767
5 1 4 -30000 -29000 32767 25480
5 1 5 -30000 32767 27809 -32768
5 1 6 -30000 29000 29463 -29545
5 1 7 -32768 -29000 31934 29914
5 1 8 -30000 32767 32367 -30429
5 1 9 30000 32767 -25808 -32768
5 1 10 -30000 -32768 24095 32767
5 1 11 32767 -29000 -32768 21352
5 1 12 -32768 29000 32767 -19550
5 1 13 -30000 32767 32767 -22133
5 1 14 -32768 29000 32767 -15820
5 1 15 -32768 32767 32767 -17370
5 1 16 30000 -32768 -32768 16552
5 1 17 32767 -29000 -32768 9982
5 1 18 -32768 -29000 13156 32767
5 1 19 -32768 29000 32767 -5972
5 1 20 -32768 -32768 6981 32767
5 1 21 -30000 29000 32767 -3655
5 1 22 32767 32767 -2688 -32768
5 1 23 30000 -29000 -32768 -231
5 1 24 30000 29000 762 -32768
5 1 25 30000 32767 5575 -32768
5 1 26 -32768 29000 32767 8234
5 1 27 32767 -29000 -32768 -10227
5 1 28 32767 32767 10186 -32768
5 1 29 32767 -32768 -32768 -12279
5 1 30 -30000 -32768 -15604 32767
5 1 31 -30000 -29000 -14090 32767
5 1 32 32767 29000 14885 -32768
5 1 33 32767 -29000 -32768 -21573
5 1 34 32767 32767 22267 -32768
5 1 35 30000 32767 24788 -32768
5 1 36 32767 -32768 -32768 -25953
5 1 37 -32768 -32768 -27713 32767
5 1 38 -30000 -32768 -29683 32767
5 1 39 -30000 32767 32767 28286
5 1 40 -30000 -32768 -32632 30147
5 1 41 -32768 29000 27595 32767
5 1 42 -32768 29000 25982 32767
5 1 43 -30000 29000 24687 32767
5 1 44 -30000 32767 26797 32767
5 1 45 -30000 -32768 -32768 21795
5 1 46 -32768 32767 22633 32767
5 1 47 -30000 -32768 -32768 18098
5 1 48 -30000 -29000 -32768 17546
5 1 49 30000 -32768 -17892 -32768
5 1 50 30000 -32768 -15978 -32768
5 1 51 -32768 32767 12682 32767
5 1 52 32767 -32768 -10592 -32768
5 1 53 30000 -32768 -10047 -32768
5 1 54 -30000 -32768 -32768 4141
5 1 55 -30000 29000 3079 32767
5 1 56 -32768 29000 -732 32767
5 1 57 32767 -29000 2768 -32768
5 1 58 32767 -29000 4799 -32768
5 1 59 30000 -29000 4686 -32768
5 1 60 -30000 -32768 -32768 -8229
5 1 61 -32768 -32768 -32768 -8699
5 1 62 32767 -29000 12777 -32768
5 1 63 -30000 -29000 -32768 -10932
5 1 64 30000 29000 32767 12796
5 1 65 -32768 -32768 -32768 -16984
5 1 66 30000 -29000 17728 -32768
5 1 67 -32768 -32768 -32768 -20924
5 1 68 30000 -29000 21165 -32768
5 1 69 30000 29000 32767 21621
5 1 70 32767 32767 32767 26481
5 1 71 32767 29000 32767 24489
5 1 72 32767 -29000 30221 -31643
5 1 73 -30000 -29000 -31060 -27860
5 1 74 30000 -32768 30303 -32486
5 1 75 -32768 29000 -32768 27122
5 1 76 30000 29000 26873 31918
5 1 77 30000 -32768 32767 -27945
5 1 78 32767 -29000 32767 -22073
5 1 79 -32768 32767 -32768 23945
